    static let TEMPERATURE: [Double] = [
        0.0,
        50.0,
        100.0,
        150.0,
        200.0,
        250.0,
        300.0,
        350.0,
        400.0,
        450.0,
        500.0,
        550.0,
        600.0,
        650.0,
        700.0,
        750.0,
        800.0,
    ]

    static let PRESSURE: [Double] = [
        1.0,
        5.0,
        10.0,
        15.0,
        20.0,
        25.0,
        30.0,
        35.0,
        40.0,
        45.0,
        50.0,
        55.0,
        60.0,
        65.0,
        70.0,
        75.0,
        80.0,
        85.0,
        90.0,
        95.0,
        100.0,
        110.0,
        120.0,
        130.0,
        140.0,
        150.0,
        160.0,
        170.0,
        180.0,
        190.0,
        200.0,
        210.0,
        220.0,
        230.0,
        240.0,
        250.0,
        260.0,
        270.0,
        280.0,
        290.0,
        300.0,
        310.0,
        320.0,
        330.0,
        340.0,
        350.0,
        360.0,
        370.0,
        380.0,
        390.0,
        400.0,
        410.0,
        420.0,
        430.0,
        440.0,
        450.0,
        460.0,
        470.0,
        480.0,
        490.0,
        500.0,
        510.0,
        520.0,
        530.0,
        540.0,
        550.0,
        560.0,
        570.0,
        580.0,
        590.0,
        600.0,
        610.0,
        620.0,
        630.0,
        640.0,
        650.0,
        660.0,
        670.0,
        680.0,
        690.0,
        700.0,
        710.0,
        720.0,
        730.0,
        740.0,
        750.0,
        760.0,
        770.0,
        780.0,
        790.0,
        800.0,
        810.0,
        820.0,
        830.0,
        840.0,
        850.0,
        860.0,
        870.0,
        880.0,
        890.0,
        900.0,
        910.0,
        920.0,
        930.0,
        940.0,
        950.0,
        960.0,
        970.0,
        980.0,
        990.0,
        1000.0,
        1100.0,
        1200.0,
        1300.0,
        1400.0,
        1500.0,
        1600.0,
        1700.0,
        1800.0,
        1900.0,
        2000.0,
        2100.0,
        2200.0,
        2300.0,
        2400.0,
        2500.0,
        2600.0,
        2700.0,
        2800.0,
        2900.0,
        3000.0,
        3100.0,
        3200.0,
        3300.0,
        3400.0,
        3500.0,
        3600.0,
        3700.0,
        3800.0,
        3900.0,
        4000.0,
        4100.0,
        4200.0,
        4300.0,
        4400.0,
        4500.0,
        4600.0,
        4700.0,
        4800.0,
        4900.0,
        5000.0,
        5100.0,
        5200.0,
        5300.0,
        5400.0,
        5500.0,
        5600.0,
        5700.0,
        5800.0,
        5900.0,
        6000.0,
        6100.0,
        6200.0,
        6300.0,
        6400.0,
        6500.0,
        6600.0,
        6700.0,
        6800.0,
        6900.0,
        7000.0,
        7100.0,
        7200.0,
        7300.0,
        7400.0,
        7500.0,
        7600.0,
        7700.0,
        7800.0,
        7900.0,
        8000.0,
        8100.0,
        8200.0,
        8300.0,
        8400.0,
        8500.0,
        8600.0,
        8700.0,
        8800.0,
        8900.0,
        9000.0,
        9100.0,
        9200.0,
        9300.0,
        9400.0,
        9500.0,
        9600.0,
        9700.0,
        9800.0,
        9900.0,
        10000.0,
        11000.0,
        12000.0,
        13000.0,
        14000.0,
        15000.0,
        16000.0,
        17000.0,
        18000.0,
        19000.0,
        20000.0,
        21000.0,
        22000.0,
        23000.0,
        24000.0,
        25000.0,
        26000.0,
        27000.0,
        28000.0,
        29000.0,
        30000.0,
        31000.0,
        32000.0,
        33000.0,
        34000.0,
        35000.0,
        36000.0,
        37000.0,
        38000.0,
        39000.0,
        40000.0,
        41000.0,
        42000.0,
        43000.0,
        44000.0,
        45000.0,
        46000.0,
        47000.0,
        48000.0,
        49000.0,
        50000.0,
        51000.0,
        52000.0,
        53000.0,
        54000.0,
    ]

    static let SPECIFIC_VOLUME: [[Double]] = [
        [125.93392, 149.09332, 172.19038, 195.27539, 218.35611, 241.43492, 264.51273, 287.59000, 310.66684, 333.74350, 356.81998, 379.89633, 402.97263, 426.04880, 449.12497, 472.20114, 495.27710],
        [ 24.64480,  29.78141,  34.41799,  39.04232,  43.66231,  48.28040,  52.89749,  57.51401,  62.13016,  66.74609,  71.36185,  75.97749,  80.59304,  85.20852,  89.82397,  94.43936,  99.05472],
        [  3.22710,  14.86697,  17.19639,  19.51317,  21.82558,  24.13608,  26.44558,  28.75451,  31.06308,  33.37141,  35.67957,  37.98763,  40.29559,  42.60348,  44.91134,  47.21914,  49.52691],
        [  0.00000,   9.89502,  11.45581,  13.00344,  14.54667,  16.08797,  17.62828,  19.16801,  20.70738,  22.24652,  23.78549,  25.32434,  26.86311,  28.40181,  29.94046,  31.47907,  33.01765],
        [  0.00000,   7.40857,   8.58550,   9.74857,  10.90721,  12.06391,  13.21962,  14.37476,  15.52953,  16.68407,  17.83844,  18.99270,  20.14686,  21.30097,  22.45502,  23.60903,  24.76301],
        [  0.00000,   5.91620,   6.86328,   7.79564,   8.72353,   9.64948,  10.57443,  11.49881,  12.42282,  13.34660,  14.27021,  15.19371,  16.11712,  17.04046,  17.96376,  18.88701,  19.81023],
        [  0.00000,   4.92073,   5.71512,   6.49368,   7.26774,   8.03986,   8.81097,   9.58151,  10.35168,  11.12162,  11.89140,  12.66105,  13.43062,  14.20013,  14.96958,  15.73899,  16.50837],
        [  1.83176,   4.20903,   4.89499,   5.56370,   6.22790,   6.89013,   7.55136,   8.21201,   8.87230,   9.53235,  10.19224,  10.85201,  11.51170,  12.17131,  12.83088,  13.49041,  14.14991],
        [  0.45700,   3.67451,   4.27987,   4.86622,   5.44801,   6.02783,   6.60664,   7.18488,   7.76276,   8.34040,   8.91787,   9.49523,  10.07250,  10.64971,  11.22686,  11.80397,  12.38106],
        [  0.00000,   3.25783,   3.80143,   4.32372,   4.84143,   5.35715,   5.87187,   6.38601,   6.89978,   7.41332,   7.92670,   8.43996,   8.95313,   9.46623,   9.97929,  10.49230,  11.00528],
        [  0.00000,   2.92332,   3.41867,   3.88973,   4.35616,   4.82061,   5.28405,   5.74691,   6.20940,   6.67166,   7.13376,   7.59574,   8.05763,   8.51946,   8.98123,   9.44296,   9.90467],
        [  0.00000,   2.64815,   3.10549,   3.53464,   3.95912,   4.38162,   4.80310,   5.22400,   5.64455,   6.06485,   6.48499,   6.90501,   7.32495,   7.74482,   8.16464,   8.58441,   9.00416],
        [  0.00000,   2.41693,   2.84450,   3.23872,   3.62826,   4.01579,   4.40231,   4.78825,   5.17383,   5.55917,   5.94435,   6.32941,   6.71438,   7.09929,   7.48414,   7.86896,   8.25374],
        [  0.00000,   2.21875,   2.62365,   2.98833,   3.34829,   3.70625,   4.06319,   4.41954,   4.77554,   5.13129,   5.48689,   5.84236,   6.19775,   6.55307,   6.90834,   7.26357,   7.61877],
        [  0.00000,   2.04547,   2.43433,   2.77371,   3.10832,   3.44092,   3.77250,   4.10350,   4.43414,   4.76454,   5.09477,   5.42489,   5.75492,   6.08488,   6.41479,   6.74467,   7.07451],
        [  1.13459,   1.89047,   2.27026,   2.58770,   2.90035,   3.21098,   3.52058,   3.82960,   4.13826,   4.44669,   4.75494,   5.06308,   5.37113,   5.67912,   5.98705,   6.29495,   6.60281],
        [  0.00000,   1.74752,   2.12668,   2.42494,   2.71837,   3.00977,   3.30015,   3.58994,   3.87937,   4.16856,   4.45759,   4.74650,   5.03532,   5.32408,   5.61278,   5.90145,   6.19008],
        [  0.00000,   1.60852,   1.99998,   2.28133,   2.55780,   2.83224,   3.10565,   3.37847,   3.65094,   3.92316,   4.19522,   4.46716,   4.73902,   5.01080,   5.28254,   5.55424,   5.82591],
        [  0.00000,   1.45049,   1.88736,   2.15367,   2.41507,   2.67443,   2.93276,   3.19050,   3.44788,   3.70503,   3.96200,   4.21886,   4.47563,   4.73234,   4.98900,   5.24561,   5.50219],
        [  0.00000,   0.92210,   1.78658,   2.03945,   2.28737,   2.53323,   2.77807,   3.02232,   3.26620,   3.50985,   3.75333,   3.99670,   4.23998,   4.48319,   4.72635,   4.96947,   5.21256],
        [  0.00000,   0.00000,   1.69586,   1.93665,   2.17243,   2.40615,   2.63884,   2.87095,   3.10269,   3.33420,   3.56553,   3.79675,   4.02788,   4.25895,   4.48997,   4.72094,   4.95189],
        [  0.00000,   0.00000,   1.53916,   1.75908,   1.97390,   2.18666,   2.39837,   2.60950,   2.82026,   3.03079,   3.24115,   3.45139,   3.66154,   3.87163,   4.08167,   4.29167,   4.50163],
        [  0.00000,   0.90401,   1.40853,   1.61110,   1.80846,   2.00374,   2.19798,   2.39162,   2.58491,   2.77795,   2.97083,   3.16359,   3.35626,   3.54887,   3.74142,   3.93394,   4.12642],
        [  0.00000,   0.00000,   1.29797,   1.48588,   1.66847,   1.84896,   2.02841,   2.20727,   2.38576,   2.56401,   2.74210,   2.92006,   3.09794,   3.27576,   3.45352,   3.63124,   3.80894],
        [  0.00000,   0.00000,   1.20315,   1.37854,   1.54848,   1.71630,   1.88307,   2.04925,   2.21506,   2.38063,   2.54604,   2.71133,   2.87653,   3.04166,   3.20675,   3.37179,   3.53681],
        [  0.00000,   0.56662,   1.12093,   1.28551,   1.44448,   1.60132,   1.75710,   1.91230,   2.06712,   2.22170,   2.37612,   2.53042,   2.68464,   2.83878,   2.99288,   3.14693,   3.30096],
        [  0.00000,   0.58508,   1.04894,   1.20411,   1.35349,   1.50072,   1.64689,   1.79246,   1.93767,   2.08264,   2.22745,   2.37213,   2.51673,   2.66126,   2.80574,   2.95018,   3.09459],
        [  0.00000,   0.00000,   0.98535,   1.13227,   1.27319,   1.41195,   1.54963,   1.68673,   1.82346,   1.95994,   2.09626,   2.23246,   2.36858,   2.50463,   2.64062,   2.77658,   2.91251],
        [  0.00000,   0.00000,   0.92876,   1.06842,   1.20182,   1.33304,   1.46319,   1.59274,   1.72193,   1.85087,   1.97965,   2.10831,   2.23689,   2.36539,   2.49385,   2.62227,   2.75065],
        [  0.00000,   0.00000,   0.87804,   1.01128,   1.13796,   1.26244,   1.38584,   1.50865,   1.63109,   1.75329,   1.87532,   1.99723,   2.11906,   2.24082,   2.36253,   2.48420,   2.60583],
        [  0.00000,   0.00000,   0.83230,   0.95986,   1.08048,   1.19889,   1.31623,   1.43297,   1.54933,   1.66546,   1.78142,   1.89726,   2.01301,   2.12870,   2.24433,   2.35993,   2.47550],
        [  0.00000,   0.71784,   0.79081,   0.91332,   1.02848,   1.14140,   1.25325,   1.36449,   1.47536,   1.58599,   1.69646,   1.80681,   1.91707,   2.02726,   2.13740,   2.24750,   2.35757],
        [  0.00000,   0.00000,   0.75295,   0.87102,   0.98120,   1.08914,   1.19599,   1.30224,   1.40812,   1.51375,   1.61923,   1.72458,   1.82984,   1.93504,   2.04019,   2.14529,   2.25037],
        [  0.00000,   0.00000,   0.71824,   0.83239,   0.93804,   1.04142,   1.14371,   1.24540,   1.34672,   1.44780,   1.54871,   1.64950,   1.75020,   1.85084,   1.95143,   2.05197,   2.15249],
        [  0.00000,   0.00000,   0.68623,   0.79697,   0.89847,   0.99767,   1.09579,   1.19330,   1.29044,   1.38733,   1.48406,   1.58068,   1.67720,   1.77366,   1.87006,   1.96643,   2.06276],
        [  0.00000,   0.00000,   0.65658,   0.76439,   0.86206,   0.95743,   1.05170,   1.14537,   1.23866,   1.33171,   1.42459,   1.51736,   1.61004,   1.70265,   1.79521,   1.88773,   1.98022],
        [  0.00000,   0.00000,   0.62895,   0.73431,   0.82845,   0.92028,   1.01100,   1.10112,   1.19086,   1.28036,   1.36970,   1.45891,   1.54804,   1.63710,   1.72611,   1.81508,   1.90402],
        [  0.00000,   0.00000,   0.60307,   0.70645,   0.79733,   0.88588,   0.97332,   1.06015,   1.14661,   1.23282,   1.31887,   1.40480,   1.49064,   1.57641,   1.66213,   1.74782,   1.83347],
        [  0.00000,   0.00000,   0.57867,   0.68059,   0.76844,   0.85394,   0.93833,   1.02211,   1.10551,   1.18867,   1.27167,   1.35455,   1.43733,   1.52005,   1.60273,   1.68536,   1.76796],
        [  0.00000,   0.00000,   0.55550,   0.65650,   0.74153,   0.82420,   0.90575,   0.98669,   1.06725,   1.14757,   1.22773,   1.30776,   1.38771,   1.46759,   1.54741,   1.62720,   1.70696],
        [  0.00000,   0.00000,   0.53330,   0.63401,   0.71642,   0.79644,   0.87534,   0.95363,   1.03154,   1.10921,   1.18671,   1.26409,   1.34139,   1.41861,   1.49579,   1.57293,   1.65003],
        [  0.00000,   0.49173,   0.51179,   0.61298,   0.69293,   0.77048,   0.84690,   0.92271,   0.99814,   1.07332,   1.14834,   1.22324,   1.29806,   1.37280,   1.44750,   1.52215,   1.59678],
        [  0.00000,   0.00000,   0.49060,   0.59325,   0.67091,   0.74613,   0.82023,   0.89371,   0.96682,   1.03968,   1.11237,   1.18495,   1.25743,   1.32985,   1.40222,   1.47455,   1.54685],
        [  0.00000,   0.00000,   0.46918,   0.57472,   0.65022,   0.72327,   0.79518,   0.86648,   0.93740,   1.00807,   1.07858,   1.14897,   1.21927,   1.28951,   1.35969,   1.42984,   1.49995],
        [  0.00000,   0.00000,   0.44639,   0.55728,   0.63074,   0.70174,   0.77160,   0.84084,   0.90971,   0.97833,   1.04678,   1.11511,   1.18336,   1.25154,   1.31966,   1.38775,   1.45581],
        [  0.00000,   0.00000,   0.41818,   0.54083,   0.61238,   0.68145,   0.74937,   0.81668,   0.88360,   0.95028,   1.01679,   1.08319,   1.14949,   1.21573,   1.28192,   1.34807,   1.41418],
        [  0.00000,   0.00000,   0.40960,   0.52529,   0.59504,   0.66228,   0.72838,   0.79385,   0.85894,   0.92379,   0.98848,   1.05304,   1.11751,   1.18192,   1.24628,   1.31059,   1.37488],
        [  0.00000,   0.00000,   0.38590,   0.51059,   0.57863,   0.64415,   0.70852,   0.77226,   0.83562,   0.89874,   0.96169,   1.02452,   1.08726,   1.14993,   1.21256,   1.27514,   1.33769],
        [  0.00000,   0.00000,   0.15716,   0.49666,   0.56309,   0.62697,   0.68970,   0.75180,   0.81352,   0.87500,   0.93631,   0.99750,   1.05860,   1.11963,   1.18061,   1.24156,   1.30247],
        [  0.00000,   0.00000,   0.41026,   0.48344,   0.54834,   0.61068,   0.67185,   0.73239,   0.79256,   0.85248,   0.91223,   0.97186,   1.03141,   1.09088,   1.15031,   1.20969,   1.26905],
        [  0.00000,   0.00000,   0.40015,   0.47088,   0.53433,   0.59520,   0.65489,   0.71396,   0.77264,   0.83109,   0.88936,   0.94751,   1.00557,   1.06357,   1.12152,   1.17943,   1.23730],
        [  0.00000,   0.00000,   0.00000,   0.45893,   0.52101,   0.58047,   0.63876,   0.69642,   0.75370,   0.81073,   0.86760,   0.92435,   0.98100,   1.03759,   1.09413,   1.15063,   1.20710],
        [  0.00000,   0.00000,   0.39778,   0.44755,   0.50831,   0.56644,   0.62340,   0.67972,   0.73566,   0.79135,   0.84688,   0.90228,   0.95760,   1.01285,   1.06805,   1.12321,   1.17834],
        [  0.00000,   0.00000,   0.00000,   0.43669,   0.49621,   0.55307,   0.60875,   0.66379,   0.71846,   0.77287,   0.82712,   0.88125,   0.93529,   0.98926,   1.04318,   1.09706,   1.15091],
        [  0.00000,   0.00000,   0.00000,   0.42633,   0.48466,   0.54030,   0.59477,   0.64859,   0.70204,   0.75523,   0.80826,   0.86117,   0.91399,   0.96674,   1.01944,   1.07211,   1.12474],
        [  0.00000,   0.00000,   0.32218,   0.41642,   0.47362,   0.52811,   0.58140,   0.63407,   0.68634,   0.73838,   0.79024,   0.84198,   0.89364,   0.94522,   0.99676,   1.04826,   1.09972],
        [  0.00000,   0.00000,   0.00000,   0.40694,   0.46306,   0.51644,   0.56862,   0.62017,   0.67134,   0.72225,   0.77300,   0.82363,   0.87417,   0.92464,   0.97506,   1.02545,   1.07580],
        [  0.00000,   0.00000,   0.15533,   0.39786,   0.45294,   0.50526,   0.55639,   0.60687,   0.65697,   0.70682,   0.75650,   0.80606,   0.85553,   0.90494,   0.95429,   1.00361,   1.05289],
        [  0.00000,   0.00000,   0.00000,   0.38916,   0.44325,   0.49456,   0.54466,   0.59412,   0.64319,   0.69202,   0.74068,   0.78922,   0.83767,   0.88605,   0.93438,   0.98267,   1.03093],
        [  0.00000,   0.00000,   0.00000,   0.38081,   0.43396,   0.48429,   0.53341,   0.58189,   0.62998,   0.67783,   0.72551,   0.77307,   0.82053,   0.86794,   0.91529,   0.96260,   1.00988],
        [  0.00000,   0.00000,   0.00000,   0.37279,   0.42503,   0.47443,   0.52261,   0.57015,   0.61730,   0.66421,   0.71094,   0.75756,   0.80409,   0.85055,   0.89696,   0.94332,   0.98966],
        [  0.00000,   0.00000,   0.00000,   0.36508,   0.41646,   0.46496,   0.51224,   0.55887,   0.60512,   0.65112,   0.69695,   0.74266,   0.78828,   0.83384,   0.87934,   0.92481,   0.97024],
        [  0.00000,   0.00000,   0.23997,   0.35766,   0.40821,   0.45585,   0.50226,   0.54803,   0.59340,   0.63854,   0.68350,   0.72834,   0.77309,   0.81777,   0.86241,   0.90700,   0.95156],
        [  0.00000,   0.00000,   0.32379,   0.35052,   0.40027,   0.44708,   0.49266,   0.53759,   0.58213,   0.62643,   0.67055,   0.71455,   0.75847,   0.80231,   0.84611,   0.88987,   0.93359],
        [  0.00000,   0.00000,   0.26578,   0.34364,   0.39263,   0.43864,   0.48342,   0.52754,   0.57128,   0.61476,   0.65808,   0.70128,   0.74439,   0.78743,   0.83042,   0.87337,   0.91629],
        [  0.00000,   0.00000,   0.00000,   0.33701,   0.38527,   0.43051,   0.47451,   0.51786,   0.56082,   0.60353,   0.64607,   0.68849,   0.73082,   0.77308,   0.81530,   0.85747,   0.89961],
        [  0.00000,   0.00000,   0.00177,   0.33061,   0.37817,   0.42266,   0.46592,   0.50852,   0.55073,   0.59269,   0.63448,   0.67615,   0.71773,   0.75925,   0.80071,   0.84214,   0.88353],
        [  0.00000,   0.00000,   0.00000,   0.32443,   0.37131,   0.41509,   0.45763,   0.49951,   0.54099,   0.58223,   0.62330,   0.66425,   0.70511,   0.74590,   0.78664,   0.82734,   0.86801],
        [  0.00000,   0.00000,   0.13481,   0.31847,   0.36470,   0.40779,   0.44962,   0.49081,   0.53160,   0.57214,   0.61251,   0.65276,   0.69292,   0.73301,   0.77306,   0.81306,   0.85303],
        [  0.00000,   0.00000,   0.05284,   0.31269,   0.35830,   0.40073,   0.44189,   0.48240,   0.52252,   0.56238,   0.60208,   0.64166,   0.68114,   0.72056,   0.75993,   0.79926,   0.83856],
        [  0.00000,   0.00000,   0.00806,   0.30711,   0.35212,   0.39390,   0.43442,   0.47428,   0.51374,   0.55296,   0.59200,   0.63093,   0.66976,   0.70853,   0.74725,   0.78592,   0.82457],
        [  0.00000,   0.00000,   0.26389,   0.30171,   0.34614,   0.38730,   0.42719,   0.46642,   0.50525,   0.54384,   0.58225,   0.62055,   0.65875,   0.69689,   0.73498,   0.77302,   0.81104],
        [  0.00000,   0.00000,   0.00000,   0.29647,   0.34036,   0.38091,   0.42019,   0.45881,   0.49704,   0.53501,   0.57282,   0.61050,   0.64810,   0.68562,   0.72310,   0.76054,   0.79794],
        [  0.00000,   0.00000,   0.00000,   0.29140,   0.33475,   0.37472,   0.41342,   0.45145,   0.48908,   0.52647,   0.56368,   0.60077,   0.63778,   0.67472,   0.71160,   0.74845,   0.78526],
        [  0.00000,   0.00000,   0.00000,   0.28648,   0.32932,   0.36873,   0.40686,   0.44431,   0.48138,   0.51819,   0.55483,   0.59135,   0.62778,   0.66415,   0.70046,   0.73674,   0.77298],
        [  0.00000,   0.00000,   0.14423,   0.28171,   0.32406,   0.36292,   0.40049,   0.43740,   0.47391,   0.51017,   0.54625,   0.58222,   0.61810,   0.65391,   0.68967,   0.72538,   0.76107],
        [  0.00000,   0.00000,   0.00000,   0.27708,   0.31896,   0.35729,   0.39433,   0.43069,   0.46667,   0.50239,   0.53794,   0.57336,   0.60870,   0.64398,   0.67920,   0.71438,   0.74953],
        [  0.00000,   0.00000,   0.00000,   0.27258,   0.31401,   0.35183,   0.38834,   0.42419,   0.45964,   0.49484,   0.52987,   0.56477,   0.59959,   0.63434,   0.66904,   0.70370,   0.73833],
        [  0.00000,   0.00000,   0.16327,   0.26820,   0.30920,   0.34652,   0.38253,   0.41788,   0.45282,   0.48751,   0.52203,   0.55643,   0.59075,   0.62499,   0.65918,   0.69333,   0.72745],
        [  0.00000,   0.00000,   0.26070,   0.26395,   0.30454,   0.34137,   0.37690,   0.41175,   0.44620,   0.48040,   0.51443,   0.54834,   0.58216,   0.61591,   0.64961,   0.68327,   0.71690],
        [  0.00000,   0.00000,   0.00000,   0.25981,   0.30000,   0.33637,   0.37142,   0.40579,   0.43977,   0.47349,   0.50704,   0.54047,   0.57381,   0.60709,   0.64031,   0.67349,   0.70664],
        [  0.00000,   0.00000,   0.00000,   0.25578,   0.29560,   0.33150,   0.36609,   0.40000,   0.43352,   0.46677,   0.49986,   0.53283,   0.56571,   0.59852,   0.63127,   0.66399,   0.69668],
        [  0.00000,   0.00000,   0.07390,   0.25185,   0.29131,   0.32678,   0.36092,   0.39438,   0.42744,   0.46025,   0.49288,   0.52540,   0.55782,   0.59018,   0.62249,   0.65476,   0.68699],
        [  0.00000,   0.00000,   0.00000,   0.24803,   0.28715,   0.32218,   0.35588,   0.38890,   0.42153,   0.45390,   0.48609,   0.51817,   0.55016,   0.58208,   0.61394,   0.64577,   0.67757],
        [  0.00000,   0.00000,   0.24386,   0.24430,   0.28309,   0.31770,   0.35098,   0.38358,   0.41577,   0.44772,   0.47949,   0.51114,   0.54270,   0.57419,   0.60563,   0.63703,   0.66840],
        [  0.00000,   0.00000,   0.00000,   0.24066,   0.27914,   0.31335,   0.34621,   0.37839,   0.41018,   0.44170,   0.47306,   0.50429,   0.53543,   0.56651,   0.59754,   0.62852,   0.65948],
        [  0.00000,   0.00000,   0.19702,   0.23711,   0.27530,   0.30911,   0.34157,   0.37335,   0.40473,   0.43585,   0.46680,   0.49763,   0.52837,   0.55904,   0.58966,   0.62024,   0.65079],
        [  0.00000,   0.00000,   0.00000,   0.23364,   0.27155,   0.30498,   0.33705,   0.36843,   0.39942,   0.43014,   0.46070,   0.49113,   0.52148,   0.55176,   0.58198,   0.61217,   0.64232],
        [  0.00000,   0.00000,   0.07272,   0.23025,   0.26791,   0.30095,   0.33264,   0.36364,   0.39424,   0.42459,   0.45476,   0.48481,   0.51477,   0.54466,   0.57451,   0.60431,   0.63408],
        [  0.00000,   0.00000,   0.00000,   0.22694,   0.26435,   0.29703,   0.32835,   0.35897,   0.38920,   0.41917,   0.44897,   0.47864,   0.50823,   0.53775,   0.56722,   0.59664,   0.62604],
        [  0.00000,   0.00000,   0.00000,   0.22370,   0.26088,   0.29320,   0.32416,   0.35442,   0.38428,   0.41389,   0.44332,   0.47263,   0.50185,   0.53101,   0.56011,   0.58917,   0.61820],
        [  0.00000,   0.00000,   0.00000,   0.22052,   0.25750,   0.28947,   0.32008,   0.34998,   0.37949,   0.40874,   0.43782,   0.46677,   0.49563,   0.52443,   0.55318,   0.58188,   0.61056],
        [  0.00000,   0.00000,   0.00000,   0.21742,   0.25420,   0.28583,   0.31609,   0.34565,   0.37481,   0.40371,   0.43244,   0.46105,   0.48957,   0.51802,   0.54642,   0.57478,   0.60310],
        [  0.00000,   0.00000,   0.00000,   0.21437,   0.25098,   0.28228,   0.31220,   0.34143,   0.37025,   0.39881,   0.42720,   0.45547,   0.48365,   0.51176,   0.53982,   0.56784,   0.59583],
        [  0.00000,   0.00000,   0.00000,   0.21138,   0.24783,   0.27881,   0.30841,   0.33730,   0.36579,   0.39402,   0.42208,   0.45002,   0.47787,   0.50565,   0.53338,   0.56106,   0.58872],
        [  0.00000,   0.00000,   0.09127,   0.20845,   0.24476,   0.27543,   0.30470,   0.33327,   0.36144,   0.38935,   0.41708,   0.44470,   0.47222,   0.49968,   0.52709,   0.55445,   0.58178],
        [  0.00000,   0.00000,   0.00000,   0.20556,   0.24176,   0.27212,   0.30108,   0.32934,   0.35719,   0.38478,   0.41220,   0.43950,   0.46671,   0.49385,   0.52094,   0.54799,   0.57501],
        [  0.00000,   0.00000,   0.00000,   0.20273,   0.23883,   0.26889,   0.29754,   0.32549,   0.35303,   0.38032,   0.40743,   0.43442,   0.46132,   0.48816,   0.51494,   0.54168,   0.56839],
        [  0.00000,   0.00000,   0.05399,   0.19994,   0.23596,   0.26573,   0.29408,   0.32173,   0.34898,   0.37596,   0.40277,   0.42946,   0.45606,   0.48259,   0.50907,   0.53551,   0.56192],
        [  0.00000,   0.00000,   0.00000,   0.19720,   0.23316,   0.26264,   0.29070,   0.31806,   0.34501,   0.37170,   0.39822,   0.42461,   0.45091,   0.47715,   0.50334,   0.52948,   0.55560],
        [  0.00000,   0.00000,   0.00000,   0.19449,   0.23042,   0.25962,   0.28740,   0.31447,   0.34113,   0.36753,   0.39376,   0.41987,   0.44588,   0.47183,   0.49773,   0.52359,   0.54941],
        [  0.00000,   0.00000,   0.00000,   0.19183,   0.22774,   0.25667,   0.28417,   0.31096,   0.33734,   0.36346,   0.38940,   0.41523,   0.44096,   0.46663,   0.49225,   0.51782,   0.54337],
        [  0.00000,   0.00000,   0.00000,   0.18919,   0.22512,   0.25378,   0.28101,   0.30752,   0.33362,   0.35947,   0.38514,   0.41069,   0.43615,   0.46154,   0.48688,   0.51218,   0.53745],
        [  0.00000,   0.00000,   0.13159,   0.18658,   0.22255,   0.25095,   0.27791,   0.30416,   0.32999,   0.35557,   0.38097,   0.40625,   0.43144,   0.45656,   0.48163,   0.50666,   0.53166],
        [  0.00000,   0.00000,   0.00000,   0.18399,   0.22004,   0.24819,   0.27488,   0.30087,   0.32644,   0.35175,   0.37689,   0.40190,   0.42683,   0.45169,   0.47650,   0.50126,   0.52600],
        [  0.00000,   0.00000,   0.00000,   0.18143,   0.21758,   0.24548,   0.27192,   0.29765,   0.32296,   0.34801,   0.37289,   0.39765,   0.42232,   0.44692,   0.47147,   0.49597,   0.52045],
        [  0.00000,   0.00000,   0.10264,   0.17888,   0.21518,   0.24283,   0.26902,   0.29449,   0.31955,   0.34435,   0.36898,   0.39348,   0.41790,   0.44225,   0.46654,   0.49080,   0.51502],
        [  0.00000,   0.00000,   0.00000,   0.17634,   0.21282,   0.24023,   0.26618,   0.29140,   0.31622,   0.34077,   0.36515,   0.38941,   0.41357,   0.43767,   0.46172,   0.48573,   0.50970],
        [  0.00000,   0.00000,   0.15780,   0.17381,   0.21051,   0.23768,   0.26339,   0.28838,   0.31295,   0.33726,   0.36140,   0.38541,   0.40933,   0.43319,   0.45699,   0.48076,   0.50449],
        [  0.00000,   0.00000,   0.00000,   0.17126,   0.20824,   0.23519,   0.26066,   0.28541,   0.30974,   0.33382,   0.35772,   0.38149,   0.40518,   0.42880,   0.45236,   0.47589,   0.49939],
        [  0.00000,   0.00000,   0.00000,   0.16871,   0.20602,   0.23275,   0.25799,   0.28250,   0.30661,   0.33045,   0.35411,   0.37766,   0.40111,   0.42449,   0.44783,   0.47112,   0.49438],
        [  0.00000,   0.00000,   0.00000,   0.13404,   0.18603,   0.21075,   0.23392,   0.25635,   0.27836,   0.30010,   0.32167,   0.34312,   0.36447,   0.38576,   0.40700,   0.42819,   0.44936],
        [  0.00000,   0.00000,   0.00000,   0.00000,   0.16934,   0.19241,   0.21386,   0.23455,   0.25482,   0.27482,   0.29464,   0.31434,   0.33394,   0.35348,   0.37297,   0.39242,   0.41184],
        [  0.00000,   0.00000,   0.00000,   0.04364,   0.15519,   0.17688,   0.19688,   0.21610,   0.23490,   0.25342,   0.27176,   0.28998,   0.30811,   0.32617,   0.34418,   0.36215,   0.38009],
        [  0.00000,   0.00000,   0.00000,   0.00000,   0.14303,   0.16356,   0.18232,   0.20029,   0.21782,   0.23508,   0.25216,   0.26911,   0.28597,   0.30276,   0.31951,   0.33621,   0.35287],
        [  0.00000,   0.00000,   0.00000,   0.00000,   0.13245,   0.15201,   0.16971,   0.18659,   0.20302,   0.21918,   0.23516,   0.25102,   0.26678,   0.28248,   0.29812,   0.31372,   0.32929],
        [  0.00000,   0.00000,   0.00000,   0.00000,   0.12317,   0.14190,   0.15866,   0.17459,   0.19007,   0.20527,   0.22029,   0.23519,   0.24999,   0.26472,   0.27940,   0.29404,   0.30865],
        [  0.00000,   0.00000,   0.00000,   0.10659,   0.11494,   0.13297,   0.14891,   0.16401,   0.17864,   0.19300,   0.20717,   0.22122,   0.23517,   0.24906,   0.26289,   0.27668,   0.29044],
        [  0.00000,   0.00000,   0.03736,   0.10163,   0.10758,   0.12502,   0.14025,   0.15460,   0.16849,   0.18209,   0.19551,   0.20880,   0.22200,   0.23514,   0.24821,   0.26125,   0.27426],
        [  0.00000,   0.00000,   0.00000,   0.00000,   0.10094,   0.11791,   0.13249,   0.14618,   0.15940,   0.17233,   0.18508,   0.19769,   0.21022,   0.22268,   0.23508,   0.24745,   0.25978],
        [  0.00000,   0.00000,   0.04249,   0.07972,   0.09492,   0.11150,   0.12551,   0.13860,   0.15121,   0.16354,   0.17568,   0.18770,   0.19961,   0.21146,   0.22326,   0.23502,   0.24674],
        [  0.00000,   0.00000,   0.00000,   0.00000,   0.08939,   0.10569,   0.11919,   0.13174,   0.14381,   0.15559,   0.16719,   0.17865,   0.19002,   0.20132,   0.21257,   0.22378,   0.23495],
        [  0.00000,   0.00000,   0.00000,   0.00000,   0.08428,   0.10041,   0.11344,   0.12551,   0.13708,   0.14837,   0.15946,   0.17043,   0.18130,   0.19210,   0.20285,   0.21355,   0.22423],
        [  0.00000,   0.00000,   0.00000,   0.03218,   0.07950,   0.09557,   0.10819,   0.11981,   0.13094,   0.14177,   0.15241,   0.16292,   0.17333,   0.18368,   0.19397,   0.20422,   0.21444],
        [  0.00000,   0.00000,   0.00000,   0.00000,   0.07497,   0.09114,   0.10337,   0.11459,   0.12530,   0.13572,   0.14594,   0.15603,   0.16603,   0.17596,   0.18583,   0.19567,   0.20547],
        [  0.00000,   0.00000,   0.00000,   0.03626,   0.07057,   0.08705,   0.09894,   0.10979,   0.12012,   0.13015,   0.13999,   0.14970,   0.15931,   0.16886,   0.17835,   0.18780,   0.19721],
        [  0.00000,   0.00000,   0.00000,   0.01361,   0.06614,   0.08328,   0.09484,   0.10535,   0.11533,   0.12501,   0.13450,   0.14385,   0.15311,   0.16230,   0.17144,   0.18053,   0.18959],
        [  0.00000,   0.00000,   0.00000,   0.05139,   0.06123,   0.07977,   0.09105,   0.10124,   0.11090,   0.12026,   0.12942,   0.13844,   0.14737,   0.15623,   0.16504,   0.17381,   0.18254],
        [  0.00000,   0.00000,   0.00000,   0.00000,   0.05609,   0.07651,   0.08753,   0.09743,   0.10679,   0.11584,   0.12469,   0.13342,   0.14204,   0.15060,   0.15910,   0.16756,   0.17599],
        [  0.00000,   0.00000,   0.00000,   0.00000,   0.02925,   0.07347,   0.08424,   0.09387,   0.10296,   0.11173,   0.12030,   0.12874,   0.13708,   0.14535,   0.15357,   0.16174,   0.16989],
        [  0.00000,   0.00000,   0.00000,   0.00000,   0.00000,   0.07063,   0.08118,   0.09056,   0.09938,   0.10789,   0.11620,   0.12437,   0.13245,   0.14045,   0.14841,   0.15632,   0.16420],
        [  0.00000,   0.00000,   0.00000,   0.00000,   0.05262,   0.06796,   0.07831,   0.08745,   0.09603,   0.10429,   0.11236,   0.12028,   0.12811,   0.13587,   0.14358,   0.15124,   0.15887],
        [  0.00000,   0.00000,   0.00000,   0.00000,   0.00000,   0.06545,   0.07562,   0.08454,   0.09290,   0.10093,   0.10876,   0.11645,   0.12405,   0.13158,   0.13905,   0.14648,   0.15388],
        [  0.00000,   0.00000,   0.00000,   0.00000,   0.05602,   0.06309,   0.07309,   0.08181,   0.08995,   0.09776,   0.10538,   0.11285,   0.12023,   0.12754,   0.13480,   0.14201,   0.14919],
        [  0.00000,   0.00000,   0.00000,   0.00000,   0.03841,   0.06086,   0.07070,   0.07923,   0.08717,   0.09479,   0.10219,   0.10947,   0.11664,   0.12374,   0.13079,   0.13780,   0.14477],
        [  0.00000,   0.00000,   0.00000,   0.00000,   0.02789,   0.05876,   0.06845,   0.07680,   0.08456,   0.09198,   0.09919,   0.10627,   0.11325,   0.12016,   0.12702,   0.13383,   0.14061],
        [  0.00000,   0.00000,   0.00000,   0.00000,   0.03449,   0.05676,   0.06633,   0.07451,   0.08208,   0.08933,   0.09636,   0.10326,   0.11005,   0.11678,   0.12345,   0.13008,   0.13668],
        [  0.00000,   0.00000,   0.00000,   0.00000,   0.00000,   0.05486,   0.06431,   0.07234,   0.07975,   0.08682,   0.09368,   0.10040,   0.10703,   0.11358,   0.12008,   0.12654,   0.13296],
        [  0.00000,   0.00000,   0.00000,   0.00000,   0.00000,   0.05306,   0.06241,   0.07028,   0.07753,   0.08444,   0.09114,   0.09770,   0.10416,   0.11055,   0.11689,   0.12318,   0.12944],
        [  0.00000,   0.00000,   0.00000,   0.00000,   0.00000,   0.05134,   0.06059,   0.06833,   0.07543,   0.08219,   0.08873,   0.09514,   0.10144,   0.10768,   0.11386,   0.11999,   0.12610],
        [  0.00000,   0.00000,   0.00000,   0.00000,   0.00000,   0.04970,   0.05887,   0.06647,   0.07343,   0.08004,   0.08644,   0.09270,   0.09886,   0.10494,   0.11098,   0.11697,   0.12292],
        [  0.00000,   0.00000,   0.00000,   0.00000,   0.00000,   0.04813,   0.05723,   0.06471,   0.07153,   0.07800,   0.08426,   0.09038,   0.09640,   0.10235,   0.10824,   0.11409,   0.11990],
        [  0.00000,   0.00000,   0.00000,   0.00000,   0.00000,   0.04663,   0.05566,   0.06302,   0.06972,   0.07606,   0.08219,   0.08818,   0.09406,   0.09987,   0.10563,   0.11134,   0.11703],
        [  0.00000,   0.00000,   0.00000,   0.00000,   0.00000,   0.04518,   0.05417,   0.06142,   0.06799,   0.07421,   0.08021,   0.08607,   0.09183,   0.09751,   0.10314,   0.10873,   0.11428],
        [  0.00000,   0.00000,   0.00000,   0.00000,   0.00115,   0.04379,   0.05274,   0.05989,   0.06635,   0.07244,   0.07833,   0.08406,   0.08970,   0.09526,   0.10077,   0.10623,   0.11167],
        [  0.00000,   0.00000,   0.00000,   0.00000,   0.00311,   0.04246,   0.05138,   0.05842,   0.06477,   0.07076,   0.07652,   0.08214,   0.08766,   0.09311,   0.09850,   0.10385,   0.10916],
        [  0.00000,   0.00000,   0.00000,   0.00000,   0.02796,   0.04117,   0.05007,   0.05702,   0.06326,   0.06914,   0.07480,   0.08031,   0.08571,   0.09105,   0.09633,   0.10157,   0.10677],
        [  0.00000,   0.00000,   0.00000,   0.00000,   0.03128,   0.03992,   0.04882,   0.05568,   0.06182,   0.06759,   0.07314,   0.07855,   0.08385,   0.08908,   0.09425,   0.09938,   0.10448],
        [  0.00000,   0.00000,   0.00000,   0.00000,   0.02084,   0.03870,   0.04761,   0.05439,   0.06044,   0.06611,   0.07156,   0.07686,   0.08206,   0.08719,   0.09226,   0.09729,   0.10229],
        [  0.00000,   0.00000,   0.00000,   0.00000,   0.03643,   0.03752,   0.04646,   0.05316,   0.05911,   0.06469,   0.07004,   0.07525,   0.08035,   0.08538,   0.09035,   0.09528,   0.10018],
        [  0.00000,   0.00000,   0.00000,   0.00000,   0.00000,   0.03637,   0.04535,   0.05197,   0.05784,   0.06332,   0.06858,   0.07369,   0.07870,   0.08364,   0.08852,   0.09335,   0.09816],
        [  0.00000,   0.00000,   0.00000,   0.00000,   0.02536,   0.03524,   0.04428,   0.05083,   0.05661,   0.06201,   0.06718,   0.07220,   0.07712,   0.08197,   0.08676,   0.09150,   0.09622],
        [  0.00000,   0.00000,   0.00000,   0.00000,   0.00311,   0.03413,   0.04325,   0.04973,   0.05544,   0.06075,   0.06583,   0.07077,   0.07560,   0.08036,   0.08506,   0.08972,   0.09435],
        [  0.00000,   0.00000,   0.00000,   0.00000,   0.00000,   0.03302,   0.04225,   0.04867,   0.05430,   0.05954,   0.06454,   0.06939,   0.07414,   0.07881,   0.08343,   0.08801,   0.09255],
        [  0.00000,   0.00000,   0.00000,   0.00000,   0.03036,   0.03192,   0.04130,   0.04766,   0.05321,   0.05837,   0.06329,   0.06806,   0.07273,   0.07733,   0.08186,   0.08636,   0.09082],
        [  0.00000,   0.00000,   0.00000,   0.00000,   0.00000,   0.03080,   0.04037,   0.04668,   0.05216,   0.05724,   0.06209,   0.06678,   0.07137,   0.07589,   0.08035,   0.08477,   0.08915],
        [  0.00000,   0.00000,   0.00000,   0.00000,   0.00000,   0.02964,   0.03948,   0.04573,   0.05114,   0.05615,   0.06093,   0.06555,   0.07006,   0.07451,   0.07889,   0.08324,   0.08754],
        [  0.00000,   0.00000,   0.00000,   0.00000,   0.02328,   0.02839,   0.03862,   0.04481,   0.05016,   0.05510,   0.05981,   0.06436,   0.06880,   0.07317,   0.07749,   0.08176,   0.08599],
        [  0.00000,   0.00000,   0.00000,   0.00000,   0.01017,   0.02692,   0.03778,   0.04393,   0.04922,   0.05409,   0.05873,   0.06321,   0.06758,   0.07188,   0.07613,   0.08033,   0.08449],
        [  0.00000,   0.00000,   0.00000,   0.00000,   0.00000,   0.02291,   0.03697,   0.04308,   0.04830,   0.05311,   0.05768,   0.06210,   0.06640,   0.07064,   0.07481,   0.07895,   0.08305],
        [  0.00000,   0.00000,   0.00000,   0.00000,   0.00000,   0.02410,   0.03619,   0.04225,   0.04742,   0.05217,   0.05667,   0.06102,   0.06527,   0.06943,   0.07355,   0.07761,   0.08165],
        [  0.00000,   0.00000,   0.00000,   0.00000,   0.00000,   0.00292,   0.03543,   0.04145,   0.04656,   0.05125,   0.05569,   0.05998,   0.06416,   0.06827,   0.07232,   0.07632,   0.08029],
        [  0.00000,   0.00000,   0.00000,   0.00000,   0.00000,   0.02483,   0.03469,   0.04068,   0.04574,   0.05037,   0.05475,   0.05898,   0.06310,   0.06714,   0.07113,   0.07507,   0.07899],
        [  0.00000,   0.00000,   0.00000,   0.00000,   0.00000,   0.02286,   0.03398,   0.03993,   0.04493,   0.04951,   0.05383,   0.05800,   0.06207,   0.06605,   0.06998,   0.07387,   0.07772],
        [  0.00000,   0.00000,   0.00000,   0.00000,   0.00000,   0.00000,   0.03328,   0.03920,   0.04416,   0.04868,   0.05295,   0.05706,   0.06107,   0.06499,   0.06887,   0.07269,   0.07649],
        [  0.00000,   0.00000,   0.00000,   0.00000,   0.00000,   0.01658,   0.03261,   0.03849,   0.04340,   0.04787,   0.05209,   0.05615,   0.06010,   0.06397,   0.06779,   0.07156,   0.07530],
        [  0.00000,   0.00000,   0.00000,   0.00000,   0.00000,   0.00000,   0.03195,   0.03781,   0.04267,   0.04709,   0.05125,   0.05526,   0.05916,   0.06298,   0.06674,   0.07046,   0.07414],
        [  0.00000,   0.00000,   0.00000,   0.00000,   0.00000,   0.01879,   0.03131,   0.03715,   0.04196,   0.04633,   0.05044,   0.05440,   0.05824,   0.06201,   0.06572,   0.06939,   0.07302],
        [  0.00000,   0.00000,   0.00000,   0.00000,   0.00000,   0.00000,   0.03069,   0.03650,   0.04128,   0.04560,   0.04966,   0.05356,   0.05736,   0.06108,   0.06474,   0.06835,   0.07194],
        [  0.00000,   0.00000,   0.00000,   0.00000,   0.00000,   0.01740,   0.03008,   0.03587,   0.04061,   0.04488,   0.04890,   0.05275,   0.05650,   0.06017,   0.06378,   0.06735,   0.07088],
        [  0.00000,   0.00000,   0.00000,   0.00000,   0.00000,   0.02728,   0.02949,   0.03526,   0.03996,   0.04419,   0.04816,   0.05197,   0.05566,   0.05929,   0.06285,   0.06637,   0.06986],
        [  0.00000,   0.00000,   0.00000,   0.00000,   0.00000,   0.00000,   0.02892,   0.03467,   0.03933,   0.04351,   0.04744,   0.05120,   0.05485,   0.05843,   0.06195,   0.06542,   0.06886],
        [  0.00000,   0.00000,   0.00000,   0.00000,   0.00000,   0.00000,   0.02835,   0.03409,   0.03871,   0.04286,   0.04674,   0.05046,   0.05406,   0.05760,   0.06107,   0.06450,   0.06789],
        [  0.00000,   0.00000,   0.00000,   0.00000,   0.00000,   0.02069,   0.02780,   0.03353,   0.03811,   0.04222,   0.04606,   0.04973,   0.05330,   0.05678,   0.06021,   0.06360,   0.06695],
        [  0.00000,   0.00000,   0.00000,   0.00000,   0.00000,   0.00000,   0.02727,   0.03298,   0.03753,   0.04160,   0.04539,   0.04903,   0.05255,   0.05600,   0.05938,   0.06272,   0.06603],
        [  0.00000,   0.00000,   0.00000,   0.00000,   0.00000,   0.02159,   0.02674,   0.03245,   0.03697,   0.04099,   0.04475,   0.04834,   0.05182,   0.05523,   0.05857,   0.06187,   0.06514],
        [  0.00000,   0.00000,   0.00000,   0.00000,   0.00195,   0.01240,   0.02623,   0.03193,   0.03641,   0.04040,   0.04412,   0.04767,   0.05112,   0.05448,   0.05778,   0.06104,   0.06427],
        [  0.00000,   0.00000,   0.00000,   0.00000,   0.00000,   0.00000,   0.02573,   0.03142,   0.03588,   0.03983,   0.04351,   0.04702,   0.05043,   0.05375,   0.05702,   0.06024,   0.06342],
        [  0.00000,   0.00000,   0.00000,   0.00000,   0.00000,   0.01396,   0.02523,   0.03093,   0.03535,   0.03927,   0.04291,   0.04639,   0.04976,   0.05304,   0.05627,   0.05945,   0.06260],
        [  0.00000,   0.00000,   0.00000,   0.00000,   0.00000,   0.02203,   0.02475,   0.03045,   0.03484,   0.03873,   0.04233,   0.04577,   0.04910,   0.05235,   0.05554,   0.05868,   0.06179],
        [  0.00000,   0.00000,   0.00000,   0.00000,   0.00000,   0.00000,   0.02428,   0.02997,   0.03434,   0.03819,   0.04177,   0.04517,   0.04846,   0.05168,   0.05483,   0.05794,   0.06101],
        [  0.00000,   0.00000,   0.00000,   0.00000,   0.00000,   0.00000,   0.02381,   0.02952,   0.03386,   0.03768,   0.04121,   0.04458,   0.04784,   0.05102,   0.05414,   0.05721,   0.06025],
        [  0.00000,   0.00000,   0.00000,   0.00000,   0.00000,   0.00000,   0.02336,   0.02907,   0.03338,   0.03717,   0.04068,   0.04401,   0.04723,   0.05038,   0.05346,   0.05650,   0.05950],
        [  0.00000,   0.00000,   0.00000,   0.00000,   0.00000,   0.00124,   0.02291,   0.02863,   0.03292,   0.03668,   0.04015,   0.04345,   0.04664,   0.04975,   0.05280,   0.05580,   0.05877],
        [  0.00000,   0.00000,   0.00000,   0.00000,   0.00151,   0.00760,   0.02247,   0.02820,   0.03247,   0.03619,   0.03964,   0.04291,   0.04606,   0.04914,   0.05215,   0.05513,   0.05806],
        [  0.00000,   0.00000,   0.00000,   0.00000,   0.00000,   0.00000,   0.02204,   0.02778,   0.03203,   0.03572,   0.03913,   0.04237,   0.04550,   0.04854,   0.05153,   0.05446,   0.05737],
        [  0.00000,   0.00000,   0.00000,   0.00000,   0.00000,   0.01699,   0.02161,   0.02737,   0.03159,   0.03526,   0.03864,   0.04185,   0.04495,   0.04796,   0.05091,   0.05382,   0.05669],
        [  0.00000,   0.00000,   0.00000,   0.00000,   0.00000,   0.00000,   0.02119,   0.02697,   0.03117,   0.03481,   0.03817,   0.04134,   0.04441,   0.04739,   0.05031,   0.05319,   0.05603],
        [  0.00000,   0.00000,   0.00000,   0.00000,   0.00311,   0.00838,   0.02077,   0.02658,   0.03076,   0.03437,   0.03770,   0.04085,   0.04388,   0.04683,   0.04972,   0.05257,   0.05538],
        [  0.00000,   0.00000,   0.00000,   0.00000,   0.00000,   0.00000,   0.02036,   0.02619,   0.03035,   0.03394,   0.03724,   0.04036,   0.04336,   0.04629,   0.04915,   0.05197,   0.05475],
        [  0.00000,   0.00000,   0.00000,   0.00000,   0.00000,   0.01354,   0.01995,   0.02582,   0.02996,   0.03352,   0.03679,   0.03989,   0.04286,   0.04575,   0.04859,   0.05138,   0.05413],
        [  0.00000,   0.00000,   0.00000,   0.00000,   0.00000,   0.00123,   0.01955,   0.02545,   0.02957,   0.03311,   0.03636,   0.03942,   0.04237,   0.04523,   0.04804,   0.05080,   0.05353],
        [  0.00000,   0.00000,   0.00000,   0.00000,   0.00000,   0.00000,   0.01915,   0.02509,   0.02920,   0.03271,   0.03593,   0.03897,   0.04189,   0.04473,   0.04750,   0.05024,   0.05294],
        [  0.00000,   0.00000,   0.00000,   0.00000,   0.00000,   0.00840,   0.01875,   0.02473,   0.02883,   0.03232,   0.03551,   0.03852,   0.04141,   0.04423,   0.04698,   0.04969,   0.05236],
        [  0.00000,   0.00000,   0.00000,   0.00000,   0.00000,   0.00000,   0.01836,   0.02439,   0.02846,   0.03193,   0.03510,   0.03809,   0.04095,   0.04374,   0.04646,   0.04915,   0.05179],
        [  0.00000,   0.00000,   0.00000,   0.00000,   0.00000,   0.01717,   0.01796,   0.02405,   0.02811,   0.03156,   0.03470,   0.03766,   0.04050,   0.04326,   0.04596,   0.04862,   0.05124],
        [  0.00000,   0.00000,   0.00000,   0.00000,   0.00000,   0.00292,   0.01757,   0.02371,   0.02776,   0.03119,   0.03430,   0.03724,   0.04006,   0.04279,   0.04547,   0.04810,   0.05069],
        [  0.00000,   0.00000,   0.00000,   0.00000,   0.00000,   0.00163,   0.01717,   0.02339,   0.02742,   0.03082,   0.03392,   0.03683,   0.03963,   0.04234,   0.04499,   0.04759,   0.05016],
        [  0.00000,   0.00000,   0.00000,   0.00000,   0.00000,   0.00124,   0.01677,   0.02306,   0.02708,   0.03047,   0.03354,   0.03643,   0.03920,   0.04189,   0.04451,   0.04709,   0.04964],
        [  0.00000,   0.00000,   0.00000,   0.00000,   0.00000,   0.00000,   0.01637,   0.02275,   0.02676,   0.03012,   0.03317,   0.03604,   0.03879,   0.04145,   0.04405,   0.04661,   0.04913],
        [  0.00000,   0.00000,   0.00000,   0.00000,   0.00000,   0.00000,   0.01596,   0.02244,   0.02644,   0.02978,   0.03281,   0.03565,   0.03838,   0.04102,   0.04360,   0.04613,   0.04863],
        [  0.00000,   0.00000,   0.00000,   0.00000,   0.00000,   0.00000,   0.00000,   0.01963,   0.02354,   0.02671,   0.02955,   0.03219,   0.03471,   0.03714,   0.03951,   0.04184,   0.04413],
        [  0.00000,   0.00000,   0.00000,   0.00000,   0.00000,   0.00000,   0.00291,   0.01722,   0.02111,   0.02415,   0.02683,   0.02930,   0.03165,   0.03391,   0.03611,   0.03826,   0.04037],
        [  0.00000,   0.00000,   0.00000,   0.00000,   0.00000,   0.00000,   0.00000,   0.01512,   0.01903,   0.02197,   0.02452,   0.02686,   0.02906,   0.03118,   0.03323,   0.03523,   0.03720],
        [  0.00000,   0.00000,   0.00000,   0.00000,   0.00000,   0.00000,   0.00291,   0.01323,   0.01724,   0.02010,   0.02254,   0.02476,   0.02684,   0.02884,   0.03076,   0.03264,   0.03448],
        [  0.00000,   0.00000,   0.00000,   0.00000,   0.00000,   0.00000,   0.00969,   0.01148,   0.01567,   0.01848,   0.02083,   0.02294,   0.02492,   0.02680,   0.02862,   0.03039,   0.03212],
        [  0.00000,   0.00000,   0.00000,   0.00000,   0.00000,   0.00000,   0.00137,   0.00977,   0.01428,   0.01705,   0.01932,   0.02135,   0.02324,   0.02503,   0.02675,   0.02842,   0.03006],
        [  0.00000,   0.00000,   0.00000,   0.00000,   0.00000,   0.00123,   0.00175,   0.00780,   0.01304,   0.01578,   0.01799,   0.01995,   0.02175,   0.02346,   0.02510,   0.02669,   0.02824],
        [  0.00000,   0.00000,   0.00000,   0.00000,   0.00000,   0.00000,   0.00388,   0.00504,   0.01192,   0.01465,   0.01681,   0.01870,   0.02043,   0.02206,   0.02363,   0.02514,   0.02662],
        [  0.00000,   0.00000,   0.00000,   0.00000,   0.00000,   0.00000,   0.00000,   0.00217,   0.01089,   0.01364,   0.01575,   0.01758,   0.01925,   0.02082,   0.02232,   0.02376,   0.02517],
        [  0.00000,   0.00000,   0.00000,   0.00000,   0.00000,   0.00123,   0.00175,   0.00287,   0.00995,   0.01272,   0.01479,   0.01657,   0.01818,   0.01969,   0.02113,   0.02252,   0.02387],
        [  0.00000,   0.00000,   0.00000,   0.00000,   0.00000,   0.00000,   0.00136,   0.00285,   0.00908,   0.01189,   0.01393,   0.01566,   0.01722,   0.01868,   0.02006,   0.02140,   0.02269],
        [  0.00000,   0.00000,   0.00000,   0.00000,   0.00000,   0.00000,   0.00000,   0.00000,   0.00826,   0.01112,   0.01314,   0.01483,   0.01635,   0.01776,   0.01909,   0.02038,   0.02162],
        [  0.00000,   0.00000,   0.00000,   0.00000,   0.00000,   0.00000,   0.00000,   0.00000,   0.00748,   0.01042,   0.01242,   0.01407,   0.01555,   0.01691,   0.01820,   0.01944,   0.02064],
        [  0.00000,   0.00000,   0.00000,   0.00000,   0.00000,   0.00000,   0.00000,   0.00000,   0.00673,   0.00977,   0.01175,   0.01338,   0.01481,   0.01614,   0.01739,   0.01859,   0.01975],
        [  0.00000,   0.00000,   0.00000,   0.00000,   0.00000,   0.00000,   0.00000,   0.00000,   0.00600,   0.00918,   0.01114,   0.01274,   0.01414,   0.01543,   0.01664,   0.01780,   0.01892],
        [  0.00000,   0.00000,   0.00000,   0.00000,   0.00000,   0.00000,   0.00000,   0.00159,   0.00529,   0.00862,   0.01058,   0.01215,   0.01352,   0.01477,   0.01595,   0.01708,   0.01816],
        [  0.00000,   0.00000,   0.00000,   0.00000,   0.00000,   0.00000,   0.00000,   0.00155,   0.00456,   0.00810,   0.01005,   0.01160,   0.01294,   0.01417,   0.01531,   0.01641,   0.01746],
        [  0.00000,   0.00000,   0.00000,   0.00000,   0.00000,   0.00000,   0.00000,   0.00000,   0.00385,   0.00762,   0.00957,   0.01109,   0.01241,   0.01360,   0.01472,   0.01578,   0.01680],
        [  0.00000,   0.00000,   0.00000,   0.00000,   0.00000,   0.00000,   0.00000,   0.00271,   0.00324,   0.00716,   0.00911,   0.01062,   0.01191,   0.01308,   0.01417,   0.01520,   0.01620],
        [  0.00000,   0.00000,   0.00000,   0.00000,   0.00000,   0.00000,   0.00000,   0.00269,   0.00280,   0.00674,   0.00869,   0.01018,   0.01144,   0.01259,   0.01365,   0.01466,   0.01563],
        [  0.00000,   0.00000,   0.00000,   0.00000,   0.00000,   0.00000,   0.00000,   0.00241,   0.00253,   0.00634,   0.00829,   0.00976,   0.01101,   0.01213,   0.01317,   0.01415,   0.01510],
        [  0.00000,   0.00000,   0.00000,   0.00000,   0.00000,   0.00000,   0.00000,   0.00000,   0.00237,   0.00596,   0.00792,   0.00938,   0.01060,   0.01170,   0.01272,   0.01368,   0.01460],
        [  0.00000,   0.00000,   0.00000,   0.00000,   0.00000,   0.00000,   0.00000,   0.00153,   0.00225,   0.00560,   0.00757,   0.00901,   0.01022,   0.01130,   0.01230,   0.01324,   0.01413],
        [  0.00000,   0.00000,   0.00000,   0.00000,   0.00000,   0.00000,   0.00132,   0.00152,   0.00217,   0.00527,   0.00724,   0.00867,   0.00986,   0.01092,   0.01190,   0.01282,   0.01369],
        [  0.00000,   0.00000,   0.00000,   0.00000,   0.00000,   0.00000,   0.00000,   0.00152,   0.00211,   0.00496,   0.00693,   0.00835,   0.00952,   0.01057,   0.01152,   0.01242,   0.01328],
        [  0.00000,   0.00000,   0.00000,   0.00000,   0.00000,   0.00000,   0.00000,   0.00151,   0.00205,   0.00466,   0.00664,   0.00804,   0.00920,   0.01023,   0.01117,   0.01205,   0.01289],
        [  0.00000,   0.00000,   0.00000,   0.00000,   0.00000,   0.00000,   0.00000,   0.00151,   0.00201,   0.00439,   0.00636,   0.00776,   0.00890,   0.00991,   0.01083,   0.01170,   0.01252],
        [  0.00000,   0.00000,   0.00000,   0.00000,   0.00000,   0.00000,   0.00000,   0.00150,   0.00197,   0.00414,   0.00610,   0.00749,   0.00862,   0.00961,   0.01052,   0.01136,   0.01217],
        [  0.00000,   0.00000,   0.00000,   0.00000,   0.00000,   0.00000,   0.00000,   0.00149,   0.00194,   0.00390,   0.00586,   0.00723,   0.00835,   0.00932,   0.01022,   0.01105,   0.01184],
        [  0.00000,   0.00000,   0.00000,   0.00000,   0.00000,   0.00000,   0.00000,   0.00149,   0.00191,   0.00369,   0.00562,   0.00698,   0.00809,   0.00905,   0.00993,   0.01075,   0.01152],
        [  0.00000,   0.00000,   0.00000,   0.00000,   0.00000,   0.00000,   0.00131,   0.00148,   0.00189,   0.00350,   0.00540,   0.00675,   0.00785,   0.00880,   0.00966,   0.01046,   0.01122],
        [  0.00000,   0.00000,   0.00000,   0.00000,   0.00000,   0.00000,   0.00000,   0.00148,   0.00186,   0.00333,   0.00519,   0.00653,   0.00761,   0.00855,   0.00940,   0.01019,   0.01094],
        [  0.00000,   0.00000,   0.00000,   0.00000,   0.00000,   0.00000,   0.00000,   0.00147,   0.00184,   0.00317,   0.00500,   0.00632,   0.00739,   0.00832,   0.00915,   0.00993,   0.01066],
        [  0.00000,   0.00000,   0.00000,   0.00000,   0.00000,   0.00000,   0.00000,   0.00147,   0.00182,   0.00304,   0.00481,   0.00613,   0.00718,   0.00810,   0.00892,   0.00968,   0.01041],
        [  0.00000,   0.00000,   0.00000,   0.00000,   0.00000,   0.00000,   0.00000,   0.00000,   0.00180,   0.00292,   0.00463,   0.00594,   0.00698,   0.00788,   0.00870,   0.00945,   0.01016],
        [  0.00000,   0.00000,   0.00000,   0.00000,   0.00000,   0.00000,   0.00000,   0.00000,   0.00179,   0.00281,   0.00447,   0.00576,   0.00679,   0.00768,   0.00848,   0.00922,   0.00992],
        [  0.00000,   0.00000,   0.00000,   0.00000,   0.00000,   0.00000,   0.00000,   0.00000,   0.00177,   0.00271,   0.00431,   0.00559,   0.00661,   0.00749,   0.00828,   0.00901,   0.00970],
        [  0.00000,   0.00000,   0.00000,   0.00000,   0.00000,   0.00000,   0.00000,   0.00000,   0.00176,   0.00263,   0.00416,   0.00542,   0.00643,   0.00730,   0.00808,   0.00880,   0.00948],
        [  0.00000,   0.00000,   0.00000,   0.00000,   0.00000,   0.00000,   0.00000,   0.00000,   0.00174,   0.00255,   0.00402,   0.00527,   0.00627,   0.00713,   0.00790,   0.00861,   0.00927],
        [  0.00000,   0.00000,   0.00000,   0.00000,   0.00000,   0.00000,   0.00000,   0.00000,   0.00173,   0.00249,   0.00389,   0.00512,   0.00611,   0.00696,   0.00772,   0.00842,   0.00907],
        [  0.00000,   0.00000,   0.00000,   0.00000,   0.00000,   0.00000,   0.00000,   0.00000,   0.00172,   0.00243,   0.00377,   0.00498,   0.00596,   0.00679,   0.00754,   0.00823,   0.00888],
        [  0.00000,   0.00000,   0.00000,   0.00000,   0.00000,   0.00000,   0.00000,   0.00000,   0.00171,   0.00237,   0.00365,   0.00484,   0.00581,   0.00664,   0.00738,   0.00806,   0.00870],
        [  0.00000,   0.00000,   0.00000,   0.00000,   0.00000,   0.00000,   0.00000,   0.00000,   0.00170,   0.00233,   0.00354,   0.00471,   0.00567,   0.00649,   0.00722,   0.00789,   0.00852],
        [  0.00000,   0.00000,   0.00000,   0.00000,   0.00000,   0.00000,   0.00000,   0.00000,   0.00169,   0.00228,   0.00344,   0.00459,   0.00553,   0.00634,   0.00707,   0.00773,   0.00835],
    ]
