    static let TEMPERATURE: [Double] = [
        50.0,
        100.0,
        150.0,
        200.0,
        250.0,
        300.0,
        350.0,
        400.0,
        450.0,
        500.0,
        550.0,
        600.0,
        650.0,
        700.0,
        750.0,
        800.0,
        850.0,
        900.0,
        950.0,
        1000.0,
        1050.0,
    ]

    static let PRESSURE: [Double] = [
        1.0,
        5.0,
        10.0,
        15.0,
        20.0,
        25.0,
        30.0,
        35.0,
        40.0,
        45.0,
        50.0,
        55.0,
        60.0,
        65.0,
        70.0,
        75.0,
        80.0,
        85.0,
        90.0,
        95.0,
        100.0,
        110.0,
        120.0,
        130.0,
        140.0,
        150.0,
        160.0,
        170.0,
        180.0,
        190.0,
        200.0,
        210.0,
        220.0,
        230.0,
        240.0,
        250.0,
        260.0,
        270.0,
        280.0,
        290.0,
        300.0,
        310.0,
        320.0,
        330.0,
        340.0,
        350.0,
        360.0,
        370.0,
        380.0,
        390.0,
        400.0,
        410.0,
        420.0,
        430.0,
        440.0,
        450.0,
        460.0,
        470.0,
        480.0,
        490.0,
        500.0,
        510.0,
        520.0,
        530.0,
        540.0,
        550.0,
        560.0,
        570.0,
        580.0,
        590.0,
        600.0,
        610.0,
        620.0,
        630.0,
        640.0,
        650.0,
        660.0,
        670.0,
        680.0,
        690.0,
        700.0,
        710.0,
        720.0,
        730.0,
        740.0,
        750.0,
        760.0,
        770.0,
        780.0,
        790.0,
        800.0,
        810.0,
        820.0,
        830.0,
        840.0,
        850.0,
        860.0,
        870.0,
        880.0,
        890.0,
        900.0,
        910.0,
        920.0,
        930.0,
        940.0,
        950.0,
        960.0,
        970.0,
        980.0,
        990.0,
        1000.0,
        1100.0,
        1200.0,
        1300.0,
        1400.0,
        1500.0,
        1600.0,
        1700.0,
        1800.0,
        1900.0,
        2000.0,
        2100.0,
        2200.0,
        2300.0,
        2400.0,
        2500.0,
        2600.0,
        2700.0,
        2800.0,
        2900.0,
        3000.0,
        3100.0,
        3200.0,
        3300.0,
        3400.0,
        3500.0,
        3600.0,
        3700.0,
        3800.0,
        3900.0,
        4000.0,
        4100.0,
        4200.0,
        4300.0,
        4400.0,
        4500.0,
        4600.0,
        4700.0,
        4800.0,
        4900.0,
        5000.0,
        5100.0,
        5200.0,
        5300.0,
        5400.0,
        5500.0,
        5600.0,
        5700.0,
        5800.0,
        5900.0,
        6000.0,
        6100.0,
        6200.0,
        6300.0,
        6400.0,
        6500.0,
        6600.0,
        6700.0,
        6800.0,
        6900.0,
        7000.0,
        7100.0,
        7200.0,
        7300.0,
        7400.0,
        7500.0,
        7600.0,
        7700.0,
        7800.0,
        7900.0,
        8000.0,
        8100.0,
        8200.0,
        8300.0,
        8400.0,
        8500.0,
        8600.0,
        8700.0,
        8800.0,
        8900.0,
        9000.0,
        9100.0,
        9200.0,
        9300.0,
        9400.0,
        9500.0,
        9600.0,
        9700.0,
        9800.0,
        9900.0,
        10000.0,
        11000.0,
        12000.0,
        13000.0,
        14000.0,
        15000.0,
        16000.0,
        17000.0,
        18000.0,
        19000.0,
        20000.0,
        21000.0,
        22000.0,
        23000.0,
        24000.0,
        25000.0,
        26000.0,
        27000.0,
        28000.0,
        29000.0,
        30000.0,
        31000.0,
        32000.0,
        33000.0,
        34000.0,
        35000.0,
        36000.0,
        37000.0,
        38000.0,
        39000.0,
        40000.0,
        41000.0,
        42000.0,
        43000.0,
        44000.0,
        45000.0,
        46000.0,
        47000.0,
        48000.0,
        49000.0,
        50000.0,
        51000.0,
        52000.0,
        53000.0,
        54000.0,
        55000.0,
        56000.0,
        57000.0,
        58000.0,
        59000.0,
        60000.0,
        61000.0,
        62000.0,
        63000.0,
        64000.0,
        65000.0,
        66000.0,
        67000.0,
        68000.0,
        69000.0,
        70000.0,
        71000.0,
        72000.0,
        73000.0,
        74000.0,
        75000.0,
        76000.0,
        77000.0,
        78000.0,
        79000.0,
        80000.0,
        81000.0,
        82000.0,
        83000.0,
        84000.0,
        85000.0,
        86000.0,
        87000.0,
        88000.0,
        89000.0,
        90000.0,
        91000.0,
        92000.0,
        93000.0,
        94000.0,
        95000.0,
        96000.0,
        97000.0,
        98000.0,
        99000.0,
        100000.0,
        110000.0,
        120000.0,
        130000.0,
        140000.0,
        150000.0,
        160000.0,
        170000.0,
        180000.0,
        190000.0,
        200000.0,
        210000.0,
        220000.0,
        230000.0,
        240000.0,
        250000.0,
        260000.0,
        270000.0,
        280000.0,
        290000.0,
        300000.0,
        310000.0,
        320000.0,
        330000.0,
        340000.0,
        350000.0,
        360000.0,
        370000.0,
        380000.0,
        390000.0,
        400000.0,
        410000.0,
        420000.0,
        430000.0,
        440000.0,
        450000.0,
        460000.0,
        470000.0,
        480000.0,
        490000.0,
        500000.0,
        510000.0,
        520000.0,
        530000.0,
        540000.0,
        550000.0,
        560000.0,
        570000.0,
        580000.0,
        590000.0,
        600000.0,
        610000.0,
        620000.0,
        630000.0,
        640000.0,
        650000.0,
        660000.0,
        670000.0,
        680000.0,
        690000.0,
        700000.0,
        710000.0,
        720000.0,
        730000.0,
        740000.0,
        750000.0,
        760000.0,
        770000.0,
        780000.0,
        790000.0,
        800000.0,
        810000.0,
        820000.0,
        830000.0,
        840000.0,
        850000.0,
        860000.0,
        870000.0,
        880000.0,
        890000.0,
        900000.0,
        910000.0,
        920000.0,
        930000.0,
        940000.0,
        950000.0,
        960000.0,
        970000.0,
        980000.0,
        990000.0,
        1000000.0,
    ]

    static let ENTHALPY: [[Double]] = [
        [2594.400, 2688.536, 2783.646, 2879.996, 2977.734, 3076.953, 3177.716, 3280.076, 3384.080, 3489.770, 3597.181, 3706.341, 3817.265, 3929.960, 4044.427, 4160.659, 4278.708, 4398.415, 4519.794, 4642.824],
        [2593.360, 2688.046, 2783.368, 2879.816, 2977.606, 3076.856, 3177.639, 3280.014, 3384.029, 3489.727, 3597.145, 3706.310, 3817.238, 3929.937, 4044.406, 4160.641, 4278.692, 4398.401, 4519.781, 4642.812],
        [2591.994, 2687.431, 2783.020, 2879.590, 2977.446, 3076.734, 3177.543, 3279.936, 3383.965, 3489.673, 3597.100, 3706.271, 3817.204, 3929.908, 4044.381, 4160.619, 4278.671, 4398.383, 4519.765, 4642.797],
        [   0.000, 2686.813, 2782.671, 2879.364, 2977.285, 3076.613, 3177.448, 3279.859, 3383.901, 3489.620, 3597.054, 3706.232, 3817.171, 3929.879, 4044.355, 4160.596, 4278.651, 4398.365, 4519.749, 4642.783],
        [   0.000, 2686.192, 2782.321, 2879.138, 2977.124, 3076.491, 3177.352, 3279.781, 3383.837, 3489.566, 3597.009, 3706.193, 3817.137, 3929.850, 4044.329, 4160.573, 4278.631, 4398.346, 4519.732, 4642.768],
        [   0.000, 2685.567, 2781.970, 2878.912, 2976.964, 3076.370, 3177.256, 3279.704, 3383.773, 3489.513, 3596.963, 3706.154, 3817.104, 3929.820, 4044.304, 4160.551, 4278.611, 4398.328, 4519.716, 4642.753],
        [   0.000, 2684.940, 2781.618, 2878.685, 2976.803, 3076.248, 3177.160, 3279.626, 3383.709, 3489.459, 3596.918, 3706.115, 3817.070, 3929.791, 4044.278, 4160.528, 4278.591, 4398.310, 4519.700, 4642.739],
        [   0.000, 2684.309, 2781.265, 2878.458, 2976.642, 3076.126, 3177.065, 3279.549, 3383.645, 3489.405, 3596.873, 3706.077, 3817.037, 3929.762, 4044.253, 4160.506, 4278.570, 4398.292, 4519.684, 4642.724],
        [   0.000, 2683.675, 2780.911, 2878.230, 2976.480, 3076.005, 3176.969, 3279.471, 3383.581, 3489.352, 3596.827, 3706.038, 3817.003, 3929.733, 4044.227, 4160.483, 4278.550, 4398.274, 4519.667, 4642.710],
        [   0.000, 2683.038, 2780.556, 2878.002, 2976.319, 3075.883, 3176.873, 3279.393, 3383.517, 3489.298, 3596.782, 3705.999, 3816.970, 3929.704, 4044.201, 4160.460, 4278.530, 4398.256, 4519.651, 4642.695],
        [   0.000, 2682.397, 2780.201, 2877.774, 2976.158, 3075.761, 3176.777, 3279.316, 3383.453, 3489.245, 3596.736, 3705.960, 3816.936, 3929.674, 4044.176, 4160.438, 4278.510, 4398.238, 4519.635, 4642.680],
        [   0.000, 2681.753, 2779.844, 2877.546, 2975.996, 3075.639, 3176.681, 3279.238, 3383.389, 3489.191, 3596.691, 3705.921, 3816.903, 3929.645, 4044.150, 4160.415, 4278.490, 4398.220, 4519.619, 4642.666],
        [   0.000, 2681.105, 2779.486, 2877.317, 2975.835, 3075.517, 3176.585, 3279.161, 3383.325, 3489.137, 3596.646, 3705.882, 3816.869, 3929.616, 4044.125, 4160.393, 4278.469, 4398.202, 4519.602, 4642.651],
        [   0.000, 2680.453, 2779.128, 2877.088, 2975.673, 3075.395, 3176.489, 3279.083, 3383.261, 3489.084, 3596.600, 3705.843, 3816.836, 3929.587, 4044.099, 4160.370, 4278.449, 4398.184, 4519.586, 4642.637],
        [   0.000, 2679.798, 2778.768, 2876.858, 2975.511, 3075.273, 3176.394, 3279.006, 3383.197, 3489.030, 3596.555, 3705.805, 3816.802, 3929.558, 4044.074, 4160.347, 4278.429, 4398.166, 4519.570, 4642.622],
        [   0.000, 2679.138, 2778.408, 2876.629, 2975.349, 3075.151, 3176.298, 3278.928, 3383.133, 3488.977, 3596.509, 3705.766, 3816.769, 3929.529, 4044.048, 4160.325, 4278.409, 4398.147, 4519.554, 4642.607],
        [   0.000, 2678.474, 2778.047, 2876.399, 2975.187, 3075.029, 3176.202, 3278.850, 3383.068, 3488.923, 3596.464, 3705.727, 3816.735, 3929.499, 4044.022, 4160.302, 4278.389, 4398.129, 4519.538, 4642.593],
        [   0.000, 2677.805, 2777.684, 2876.168, 2975.025, 3074.907, 3176.106, 3278.773, 3383.004, 3488.869, 3596.418, 3705.688, 3816.701, 3929.470, 4043.997, 4160.280, 4278.368, 4398.111, 4519.521, 4642.578],
        [   0.000, 2677.131, 2777.321, 2875.937, 2974.862, 3074.785, 3176.010, 3278.695, 3382.940, 3488.816, 3596.373, 3705.649, 3816.668, 3929.441, 4043.971, 4160.257, 4278.348, 4398.093, 4519.505, 4642.564],
        [   0.000, 2676.452, 2776.957, 2875.706, 2974.700, 3074.663, 3175.913, 3278.617, 3382.876, 3488.762, 3596.328, 3705.610, 3816.634, 3929.412, 4043.946, 4160.234, 4278.328, 4398.075, 4519.489, 4642.549],
        [   0.000, 2675.767, 2776.592, 2875.475, 2974.537, 3074.540, 3175.817, 3278.540, 3382.812, 3488.709, 3596.282, 3705.571, 3816.601, 3929.383, 4043.920, 4160.212, 4278.308, 4398.057, 4519.473, 4642.535],
        [   0.000,    0.000, 2775.859, 2875.011, 2974.211, 3074.296, 3175.625, 3278.384, 3382.684, 3488.601, 3596.191, 3705.494, 3816.534, 3929.324, 4043.869, 4160.167, 4278.267, 4398.021, 4519.440, 4642.505],
        [   0.000,    0.000, 2775.122, 2874.546, 2973.885, 3074.051, 3175.433, 3278.229, 3382.556, 3488.494, 3596.101, 3705.416, 3816.467, 3929.266, 4043.818, 4160.121, 4278.227, 4397.985, 4519.408, 4642.476],
        [   0.000,    0.000, 2774.381, 2874.080, 2973.559, 3073.806, 3175.241, 3278.073, 3382.428, 3488.387, 3596.010, 3705.338, 3816.400, 3929.208, 4043.767, 4160.076, 4278.187, 4397.948, 4519.375, 4642.447],
        [   0.000,    0.000, 2773.637, 2873.612, 2973.232, 3073.560, 3175.048, 3277.918, 3382.300, 3488.279, 3595.919, 3705.261, 3816.333, 3929.149, 4043.715, 4160.031, 4278.146, 4397.912, 4519.343, 4642.418],
        [   0.000,    0.000, 2772.889, 2873.144, 2972.904, 3073.315, 3174.855, 3277.762, 3382.171, 3488.172, 3595.828, 3705.183, 3816.265, 3929.091, 4043.664, 4159.986, 4278.106, 4397.876, 4519.310, 4642.388],
        [   0.000,    0.000, 2772.136, 2872.673, 2972.576, 3073.069, 3174.663, 3277.607, 3382.043, 3488.065, 3595.737, 3705.105, 3816.198, 3929.032, 4043.613, 4159.941, 4278.065, 4397.840, 4519.278, 4642.359],
        [   0.000,    0.000, 2771.380, 2872.202, 2972.248, 3072.823, 3174.470, 3277.451, 3381.915, 3487.957, 3595.646, 3705.027, 3816.131, 3928.974, 4043.562, 4159.895, 4278.025, 4397.804, 4519.245, 4642.330],
        [   0.000,    0.000, 2770.621, 2871.729, 2971.919, 3072.577, 3174.277, 3277.295, 3381.787, 3487.850, 3595.555, 3704.950, 3816.064, 3928.916, 4043.511, 4159.850, 4277.985, 4397.768, 4519.213, 4642.301],
        [   0.000,    0.000, 2769.857, 2871.255, 2971.589, 3072.331, 3174.084, 3277.140, 3381.658, 3487.743, 3595.464, 3704.872, 3815.997, 3928.857, 4043.459, 4159.805, 4277.944, 4397.731, 4519.180, 4642.272],
        [   0.000,    0.000, 2769.089, 2870.779, 2971.259, 3072.084, 3173.891, 3276.984, 3381.530, 3487.635, 3595.373, 3704.794, 3815.930, 3928.799, 4043.408, 4159.760, 4277.904, 4397.695, 4519.148, 4642.242],
        [   0.000,    0.000, 2768.317, 2870.303, 2970.929, 3071.837, 3173.698, 3276.828, 3381.402, 3487.528, 3595.282, 3704.716, 3815.863, 3928.741, 4043.357, 4159.714, 4277.863, 4397.659, 4519.115, 4642.213],
        [   0.000,    0.000, 2767.541, 2869.824, 2970.598, 3071.591, 3173.505, 3276.672, 3381.273, 3487.421, 3595.192, 3704.639, 3815.796, 3928.682, 4043.306, 4159.669, 4277.823, 4397.623, 4519.083, 4642.184],
        [   0.000,    0.000, 2766.761, 2869.345, 2970.266, 3071.343, 3173.312, 3276.517, 3381.145, 3487.313, 3595.101, 3704.561, 3815.729, 3928.624, 4043.255, 4159.624, 4277.783, 4397.587, 4519.050, 4642.155],
        [   0.000,    0.000, 2765.977, 2868.864, 2969.935, 3071.096, 3173.119, 3276.361, 3381.016, 3487.206, 3595.010, 3704.483, 3815.661, 3928.565, 4043.203, 4159.579, 4277.742, 4397.550, 4519.018, 4642.126],
        [   0.000,    0.000, 2765.189, 2868.382, 2969.602, 3070.849, 3172.925, 3276.205, 3380.888, 3487.098, 3594.919, 3704.405, 3815.594, 3928.507, 4043.152, 4159.534, 4277.702, 4397.514, 4518.985, 4642.096],
        [   0.000,    0.000, 2764.397, 2867.899, 2969.269, 3070.601, 3172.732, 3276.049, 3380.759, 3486.991, 3594.828, 3704.327, 3815.527, 3928.449, 4043.101, 4159.488, 4277.661, 4397.478, 4518.953, 4642.067],
        [   0.000,    0.000, 2763.600, 2867.414, 2968.936, 3070.353, 3172.538, 3275.893, 3380.631, 3486.883, 3594.737, 3704.250, 3815.460, 3928.390, 4043.050, 4159.443, 4277.621, 4397.442, 4518.920, 4642.038],
        [   0.000,    0.000, 2762.798, 2866.928, 2968.602, 3070.105, 3172.344, 3275.737, 3380.502, 3486.776, 3594.646, 3704.172, 3815.393, 3928.332, 4042.999, 4159.398, 4277.581, 4397.406, 4518.888, 4642.009],
        [   0.000,    0.000, 2761.992, 2866.441, 2968.268, 3069.857, 3172.151, 3275.580, 3380.374, 3486.668, 3594.555, 3704.094, 3815.326, 3928.273, 4042.947, 4159.353, 4277.540, 4397.369, 4518.855, 4641.980],
        [   0.000,    0.000, 2761.182, 2865.952, 2967.933, 3069.608, 3171.957, 3275.424, 3380.245, 3486.561, 3594.464, 3704.016, 3815.259, 3928.215, 4042.896, 4159.307, 4277.500, 4397.333, 4518.823, 4641.950],
        [   0.000,    0.000, 2760.366, 2865.462, 2967.597, 3069.360, 3171.763, 3275.268, 3380.117, 3486.453, 3594.373, 3703.938, 3815.192, 3928.157, 4042.845, 4159.262, 4277.459, 4397.297, 4518.790, 4641.921],
        [   0.000,    0.000, 2759.546, 2864.971, 2967.261, 3069.111, 3171.569, 3275.112, 3379.988, 3486.346, 3594.282, 3703.860, 3815.124, 3928.098, 4042.794, 4159.217, 4277.419, 4397.261, 4518.758, 4641.892],
        [   0.000,    0.000, 2758.720, 2864.478, 2966.925, 3068.862, 3171.375, 3274.955, 3379.859, 3486.238, 3594.191, 3703.783, 3815.057, 3928.040, 4042.743, 4159.172, 4277.379, 4397.225, 4518.725, 4641.863],
        [   0.000,    0.000, 2757.889, 2863.984, 2966.588, 3068.612, 3171.181, 3274.799, 3379.731, 3486.131, 3594.100, 3703.705, 3814.990, 3927.981, 4042.691, 4159.126, 4277.338, 4397.188, 4518.693, 4641.834],
        [   0.000,    0.000, 2757.053, 2863.489, 2966.251, 3068.363, 3170.986, 3274.643, 3379.602, 3486.023, 3594.009, 3703.627, 3814.923, 3927.923, 4042.640, 4159.081, 4277.298, 4397.152, 4518.660, 4641.804],
        [   0.000,    0.000, 2756.211, 2862.992, 2965.913, 3068.113, 3170.792, 3274.486, 3379.473, 3485.916, 3593.918, 3703.549, 3814.856, 3927.864, 4042.589, 4159.036, 4277.257, 4397.116, 4518.628, 4641.775],
        [   0.000,    0.000, 2755.362, 2862.494, 2965.574, 3067.863, 3170.597, 3274.330, 3379.345, 3485.808, 3593.827, 3703.471, 3814.789, 3927.806, 4042.538, 4158.991, 4277.217, 4397.080, 4518.596, 4641.746],
        [   0.000,    0.000, 2754.508, 2861.994, 2965.236, 3067.613, 3170.403, 3274.173, 3379.216, 3485.700, 3593.735, 3703.393, 3814.721, 3927.747, 4042.486, 4158.945, 4277.176, 4397.044, 4518.563, 4641.717],
        [   0.000,    0.000, 2753.648, 2861.494, 2964.896, 3067.363, 3170.208, 3274.017, 3379.087, 3485.593, 3593.644, 3703.316, 3814.654, 3927.689, 4042.435, 4158.900, 4277.136, 4397.007, 4518.531, 4641.688],
        [   0.000,    0.000, 2752.780, 2860.992, 2964.556, 3067.112, 3170.013, 3273.860, 3378.958, 3485.485, 3593.553, 3703.238, 3814.587, 3927.631, 4042.384, 4158.855, 4277.096, 4396.971, 4518.498, 4641.658],
        [   0.000,    0.000, 2751.906, 2860.488, 2964.216, 3066.862, 3169.819, 3273.704, 3378.830, 3485.378, 3593.462, 3703.160, 3814.520, 3927.572, 4042.333, 4158.810, 4277.055, 4396.935, 4518.466, 4641.629],
        [   0.000,    0.000, 2751.024, 2859.983, 2963.875, 3066.611, 3169.624, 3273.547, 3378.701, 3485.270, 3593.371, 3703.082, 3814.453, 3927.514, 4042.281, 4158.764, 4277.015, 4396.899, 4518.433, 4641.600],
        [   0.000,    0.000, 2750.134, 2859.477, 2963.534, 3066.360, 3169.429, 3273.390, 3378.572, 3485.162, 3593.280, 3703.004, 3814.385, 3927.455, 4042.230, 4158.719, 4276.974, 4396.863, 4518.401, 4641.571],
        [   0.000,    0.000, 2749.236, 2858.970, 2963.192, 3066.108, 3169.234, 3273.233, 3378.443, 3485.055, 3593.189, 3702.926, 3814.318, 3927.397, 4042.179, 4158.674, 4276.934, 4396.826, 4518.368, 4641.541],
        [   0.000,    0.000, 2748.330, 2858.461, 2962.849, 3065.857, 3169.038, 3273.077, 3378.314, 3484.947, 3593.098, 3702.848, 3814.251, 3927.338, 4042.128, 4158.629, 4276.893, 4396.790, 4518.336, 4641.512],
        [   0.000,    0.000, 2747.414, 2857.951, 2962.507, 3065.605, 3168.843, 3272.920, 3378.185, 3484.839, 3593.007, 3702.770, 3814.184, 3927.280, 4042.076, 4158.583, 4276.853, 4396.754, 4518.303, 4641.483],
        [   0.000,    0.000, 2746.489, 2857.439, 2962.163, 3065.353, 3168.648, 3272.763, 3378.056, 3484.731, 3592.916, 3702.692, 3814.117, 3927.221, 4042.025, 4158.538, 4276.813, 4396.718, 4518.271, 4641.454],
        [   0.000,    0.000,    0.000, 2856.926, 2961.819, 3065.101, 3168.452, 3272.606, 3377.927, 3484.624, 3592.824, 3702.614, 3814.049, 3927.163, 4041.974, 4158.493, 4276.772, 4396.682, 4518.238, 4641.425],
        [   0.000,    0.000,    0.000, 2856.412, 2961.475, 3064.849, 3168.257, 3272.449, 3377.798, 3484.516, 3592.733, 3702.537, 3813.982, 3927.104, 4041.923, 4158.448, 4276.732, 4396.645, 4518.206, 4641.395],
        [   0.000,    0.000,    0.000, 2855.896, 2961.130, 3064.596, 3168.061, 3272.292, 3377.669, 3484.408, 3592.642, 3702.459, 3813.915, 3927.046, 4041.871, 4158.402, 4276.691, 4396.609, 4518.173, 4641.366],
        [   0.000,    0.000,    0.000, 2855.379, 2960.784, 3064.343, 3167.865, 3272.135, 3377.540, 3484.300, 3592.551, 3702.381, 3813.848, 3926.988, 4041.820, 4158.357, 4276.651, 4396.573, 4518.141, 4641.337],
        [   0.000,    0.000,    0.000, 2854.861, 2960.438, 3064.091, 3167.670, 3271.978, 3377.411, 3484.193, 3592.460, 3702.303, 3813.780, 3926.929, 4041.769, 4158.312, 4276.610, 4396.537, 4518.108, 4641.308],
        [   0.000,    0.000,    0.000, 2854.341, 2960.092, 3063.837, 3167.474, 3271.821, 3377.282, 3484.085, 3592.369, 3702.225, 3813.713, 3926.871, 4041.718, 4158.267, 4276.570, 4396.500, 4518.076, 4641.278],
        [   0.000,    0.000,    0.000, 2853.820, 2959.745, 3063.584, 3167.278, 3271.664, 3377.153, 3483.977, 3592.277, 3702.147, 3813.646, 3926.812, 4041.666, 4158.221, 4276.529, 4396.464, 4518.043, 4641.249],
        [   0.000,    0.000,    0.000, 2853.297, 2959.398, 3063.330, 3167.082, 3271.506, 3377.024, 3483.869, 3592.186, 3702.069, 3813.579, 3926.754, 4041.615, 4158.176, 4276.489, 4396.428, 4518.011, 4641.220],
        [   0.000,    0.000,    0.000, 2852.773, 2959.050, 3063.077, 3166.886, 3271.349, 3376.895, 3483.761, 3592.095, 3701.991, 3813.512, 3926.695, 4041.564, 4158.131, 4276.449, 4396.392, 4517.978, 4641.191],
        [   0.000,    0.000,    0.000, 2852.248, 2958.701, 3062.823, 3166.689, 3271.192, 3376.766, 3483.654, 3592.004, 3701.913, 3813.444, 3926.637, 4041.513, 4158.085, 4276.408, 4396.356, 4517.946, 4641.162],
        [   0.000,    0.000,    0.000, 2851.721, 2958.352, 3062.569, 3166.493, 3271.034, 3376.637, 3483.546, 3591.913, 3701.835, 3813.377, 3926.578, 4041.461, 4158.040, 4276.368, 4396.319, 4517.913, 4641.132],
        [   0.000,    0.000,    0.000, 2851.193, 2958.003, 3062.314, 3166.297, 3270.877, 3376.507, 3483.438, 3591.821, 3701.757, 3813.310, 3926.520, 4041.410, 4157.995, 4276.327, 4396.283, 4517.881, 4641.103],
        [   0.000,    0.000,    0.000, 2850.663, 2957.653, 3062.060, 3166.100, 3270.719, 3376.378, 3483.330, 3591.730, 3701.679, 3813.243, 3926.461, 4041.359, 4157.950, 4276.287, 4396.247, 4517.848, 4641.074],
        [   0.000,    0.000,    0.000, 2850.132, 2957.302, 3061.805, 3165.903, 3270.562, 3376.249, 3483.222, 3591.639, 3701.601, 3813.175, 3926.403, 4041.307, 4157.904, 4276.246, 4396.211, 4517.816, 4641.045],
        [   0.000,    0.000,    0.000, 2849.600, 2956.951, 3061.550, 3165.707, 3270.404, 3376.120, 3483.114, 3591.548, 3701.523, 3813.108, 3926.344, 4041.256, 4157.859, 4276.206, 4396.174, 4517.783, 4641.016],
        [   0.000,    0.000,    0.000, 2849.066, 2956.599, 3061.295, 3165.510, 3270.247, 3375.990, 3483.006, 3591.456, 3701.445, 3813.041, 3926.286, 4041.205, 4157.814, 4276.165, 4396.138, 4517.750, 4640.986],
        [   0.000,    0.000,    0.000, 2848.531, 2956.247, 3061.039, 3165.313, 3270.089, 3375.861, 3482.898, 3591.365, 3701.367, 3812.973, 3926.227, 4041.154, 4157.768, 4276.125, 4396.102, 4517.718, 4640.957],
        [   0.000,    0.000,    0.000, 2847.994, 2955.895, 3060.784, 3165.116, 3269.932, 3375.732, 3482.790, 3591.274, 3701.289, 3812.906, 3926.169, 4041.102, 4157.723, 4276.084, 4396.066, 4517.685, 4640.928],
        [   0.000,    0.000,    0.000, 2847.456, 2955.541, 3060.528, 3164.919, 3269.774, 3375.602, 3482.682, 3591.182, 3701.211, 3812.839, 3926.110, 4041.051, 4157.678, 4276.044, 4396.030, 4517.653, 4640.899],
        [   0.000,    0.000,    0.000, 2846.917, 2955.188, 3060.272, 3164.722, 3269.616, 3375.473, 3482.574, 3591.091, 3701.133, 3812.772, 3926.052, 4041.000, 4157.633, 4276.004, 4395.993, 4517.620, 4640.869],
        [   0.000,    0.000,    0.000, 2846.376, 2954.834, 3060.015, 3164.524, 3269.458, 3375.343, 3482.466, 3591.000, 3701.055, 3812.704, 3925.993, 4040.948, 4157.587, 4275.963, 4395.957, 4517.588, 4640.840],
        [   0.000,    0.000,    0.000, 2845.833, 2954.479, 3059.759, 3164.327, 3269.301, 3375.214, 3482.358, 3590.909, 3700.977, 3812.637, 3925.935, 4040.897, 4157.542, 4275.923, 4395.921, 4517.555, 4640.811],
        [   0.000,    0.000,    0.000, 2845.289, 2954.124, 3059.502, 3164.130, 3269.143, 3375.085, 3482.250, 3590.817, 3700.899, 3812.570, 3925.876, 4040.846, 4157.497, 4275.882, 4395.885, 4517.523, 4640.782],
        [   0.000,    0.000,    0.000, 2844.744, 2953.768, 3059.245, 3163.932, 3268.985, 3374.955, 3482.142, 3590.726, 3700.821, 3812.502, 3925.817, 4040.795, 4157.451, 4275.842, 4395.848, 4517.490, 4640.752],
        [   0.000,    0.000,    0.000, 2844.197, 2953.412, 3058.988, 3163.735, 3268.827, 3374.826, 3482.034, 3590.635, 3700.743, 3812.435, 3925.759, 4040.743, 4157.406, 4275.801, 4395.812, 4517.458, 4640.723],
        [   0.000,    0.000,    0.000, 2843.649, 2953.055, 3058.731, 3163.537, 3268.669, 3374.696, 3481.926, 3590.543, 3700.665, 3812.368, 3925.700, 4040.692, 4157.361, 4275.761, 4395.776, 4517.425, 4640.694],
        [   0.000,    0.000,    0.000, 2843.100, 2952.698, 3058.473, 3163.339, 3268.511, 3374.567, 3481.818, 3590.452, 3700.587, 3812.300, 3925.642, 4040.641, 4157.315, 4275.720, 4395.740, 4517.393, 4640.665],
        [   0.000,    0.000,    0.000, 2842.548, 2952.340, 3058.216, 3163.141, 3268.353, 3374.437, 3481.710, 3590.361, 3700.509, 3812.233, 3925.583, 4040.589, 4157.270, 4275.680, 4395.703, 4517.360, 4640.636],
        [   0.000,    0.000,    0.000, 2841.996, 2951.982, 3057.958, 3162.943, 3268.194, 3374.307, 3481.602, 3590.269, 3700.431, 3812.166, 3925.525, 4040.538, 4157.225, 4275.639, 4395.667, 4517.328, 4640.606],
        [   0.000,    0.000,    0.000, 2841.442, 2951.623, 3057.700, 3162.745, 3268.036, 3374.178, 3481.494, 3590.178, 3700.353, 3812.099, 3925.466, 4040.487, 4157.179, 4275.599, 4395.631, 4517.295, 4640.577],
        [   0.000,    0.000,    0.000, 2840.886, 2951.263, 3057.441, 3162.547, 3267.878, 3374.048, 3481.386, 3590.086, 3700.275, 3812.031, 3925.408, 4040.435, 4157.134, 4275.558, 4395.595, 4517.263, 4640.548],
        [   0.000,    0.000,    0.000, 2840.329, 2950.903, 3057.183, 3162.349, 3267.720, 3373.918, 3481.278, 3589.995, 3700.197, 3811.964, 3925.349, 4040.384, 4157.089, 4275.518, 4395.559, 4517.230, 4640.519],
        [   0.000,    0.000,    0.000, 2839.770, 2950.543, 3056.924, 3162.150, 3267.561, 3373.789, 3481.169, 3589.904, 3700.118, 3811.897, 3925.291, 4040.333, 4157.043, 4275.477, 4395.522, 4517.198, 4640.489],
        [   0.000,    0.000,    0.000, 2839.210, 2950.182, 3056.665, 3161.952, 3267.403, 3373.659, 3481.061, 3589.812, 3700.040, 3811.829, 3925.232, 4040.281, 4156.998, 4275.437, 4395.486, 4517.165, 4640.460],
        [   0.000,    0.000,    0.000, 2838.649, 2949.820, 3056.406, 3161.753, 3267.245, 3373.529, 3480.953, 3589.721, 3699.962, 3811.762, 3925.173, 4040.230, 4156.953, 4275.396, 4395.450, 4517.133, 4640.431],
        [   0.000,    0.000,    0.000, 2838.085, 2949.458, 3056.146, 3161.555, 3267.086, 3373.400, 3480.845, 3589.629, 3699.884, 3811.695, 3925.115, 4040.179, 4156.908, 4275.356, 4395.414, 4517.100, 4640.402],
        [   0.000,    0.000,    0.000, 2837.521, 2949.096, 3055.887, 3161.356, 3266.928, 3373.270, 3480.737, 3589.538, 3699.806, 3811.627, 3925.056, 4040.127, 4156.862, 4275.316, 4395.377, 4517.068, 4640.372],
        [   0.000,    0.000,    0.000, 2836.954, 2948.733, 3055.627, 3161.157, 3266.769, 3373.140, 3480.629, 3589.446, 3699.728, 3811.560, 3924.998, 4040.076, 4156.817, 4275.275, 4395.341, 4517.035, 4640.343],
        [   0.000,    0.000,    0.000, 2836.387, 2948.369, 3055.367, 3160.958, 3266.610, 3373.010, 3480.520, 3589.355, 3699.650, 3811.492, 3924.939, 4040.025, 4156.772, 4275.235, 4395.305, 4517.003, 4640.314],
        [   0.000,    0.000,    0.000, 2835.817, 2948.005, 3055.106, 3160.759, 3266.452, 3372.880, 3480.412, 3589.264, 3699.572, 3811.425, 3924.881, 4039.973, 4156.726, 4275.194, 4395.269, 4516.970, 4640.285],
        [   0.000,    0.000,    0.000, 2835.246, 2947.640, 3054.846, 3160.560, 3266.293, 3372.750, 3480.304, 3589.172, 3699.494, 3811.358, 3924.822, 4039.922, 4156.681, 4275.154, 4395.232, 4516.938, 4640.256],
        [   0.000,    0.000,    0.000, 2834.674, 2947.275, 3054.585, 3160.361, 3266.134, 3372.620, 3480.196, 3589.081, 3699.415, 3811.290, 3924.763, 4039.871, 4156.636, 4275.113, 4395.196, 4516.905, 4640.226],
        [   0.000,    0.000,    0.000, 2834.099, 2946.909, 3054.324, 3160.161, 3265.976, 3372.491, 3480.087, 3588.989, 3699.337, 3811.223, 3924.705, 4039.819, 4156.590, 4275.073, 4395.160, 4516.873, 4640.197],
        [   0.000,    0.000,    0.000, 2833.524, 2946.543, 3054.063, 3159.962, 3265.817, 3372.361, 3479.979, 3588.898, 3699.259, 3811.156, 3924.646, 4039.768, 4156.545, 4275.032, 4395.124, 4516.840, 4640.168],
        [   0.000,    0.000,    0.000, 2832.946, 2946.176, 3053.802, 3159.763, 3265.658, 3372.231, 3479.871, 3588.806, 3699.181, 3811.088, 3924.588, 4039.717, 4156.500, 4274.992, 4395.087, 4516.807, 4640.139],
        [   0.000,    0.000,    0.000, 2832.367, 2945.809, 3053.540, 3159.563, 3265.499, 3372.101, 3479.762, 3588.715, 3699.103, 3811.021, 3924.529, 4039.665, 4156.454, 4274.951, 4395.051, 4516.775, 4640.109],
        [   0.000,    0.000,    0.000, 2831.787, 2945.441, 3053.278, 3159.363, 3265.340, 3371.971, 3479.654, 3588.623, 3699.025, 3810.953, 3924.470, 4039.614, 4156.409, 4274.911, 4395.015, 4516.742, 4640.080],
        [   0.000,    0.000,    0.000, 2831.204, 2945.072, 3053.016, 3159.164, 3265.181, 3371.841, 3479.546, 3588.532, 3698.947, 3810.886, 3924.412, 4039.563, 4156.364, 4274.870, 4394.979, 4516.710, 4640.051],
        [   0.000,    0.000,    0.000, 2830.620, 2944.703, 3052.754, 3158.964, 3265.022, 3371.711, 3479.437, 3588.440, 3698.868, 3810.819, 3924.353, 4039.511, 4156.318, 4274.830, 4394.942, 4516.677, 4640.022],
        [   0.000,    0.000,    0.000, 2830.035, 2944.334, 3052.492, 3158.764, 3264.863, 3371.580, 3479.329, 3588.349, 3698.790, 3810.751, 3924.295, 4039.460, 4156.273, 4274.789, 4394.906, 4516.645, 4639.992],
        [   0.000,    0.000,    0.000, 2829.447, 2943.964, 3052.229, 3158.564, 3264.704, 3371.450, 3479.220, 3588.257, 3698.712, 3810.684, 3924.236, 4039.409, 4156.227, 4274.749, 4394.870, 4516.612, 4639.963],
        [   0.000,    0.000,    0.000, 2828.858, 2943.593, 3051.966, 3158.364, 3264.545, 3371.320, 3479.112, 3588.165, 3698.634, 3810.616, 3924.177, 4039.357, 4156.182, 4274.708, 4394.834, 4516.580, 4639.934],
        [   0.000,    0.000,    0.000, 2828.268, 2943.222, 3051.703, 3158.163, 3264.385, 3371.190, 3479.004, 3588.074, 3698.556, 3810.549, 3924.119, 4039.306, 4156.137, 4274.668, 4394.797, 4516.547, 4639.905],
        [   0.000,    0.000,    0.000, 2822.261, 2939.481, 3049.060, 3156.156, 3262.791, 3369.887, 3477.919, 3587.158, 3697.773, 3809.875, 3923.533, 4038.792, 4155.683, 4274.263, 4394.435, 4516.222, 4639.612],
        [   0.000,    0.000,    0.000, 2816.063, 2935.685, 3046.395, 3154.138, 3261.191, 3368.582, 3476.833, 3586.241, 3696.991, 3809.200, 3922.946, 4038.278, 4155.229, 4273.857, 4394.072, 4515.897, 4639.320],
        [   0.000,    0.000,    0.000, 2809.647, 2931.833, 3043.708, 3152.111, 3259.588, 3367.274, 3475.745, 3585.323, 3696.207, 3808.525, 3922.359, 4037.764, 4154.775, 4273.452, 4393.709, 4515.571, 4639.027],
        [   0.000,    0.000,    0.000, 2802.980, 2927.925, 3040.999, 3150.074, 3257.979, 3365.964, 3474.656, 3584.405, 3695.423, 3807.850, 3921.772, 4037.249, 4154.321, 4273.047, 4393.346, 4515.246, 4638.735],
        [   0.000,    0.000,    0.000, 2796.016, 2923.959, 3038.266, 3148.028, 3256.366, 3364.652, 3473.566, 3583.485, 3694.639, 3807.174, 3921.185, 4036.735, 4153.867, 4272.641, 4392.983, 4514.920, 4638.442],
        [   0.000,    0.000,    0.000,    0.000, 2919.935, 3035.510, 3145.971, 3254.748, 3363.337, 3472.474, 3582.565, 3693.854, 3806.497, 3920.597, 4036.220, 4153.413, 4272.235, 4392.620, 4514.594, 4638.150],
        [   0.000,    0.000,    0.000,    0.000, 2915.852, 3032.731, 3143.904, 3253.125, 3362.019, 3471.381, 3581.644, 3693.069, 3805.821, 3920.009, 4035.705, 4152.958, 4271.829, 4392.257, 4514.269, 4637.857],
        [   0.000,    0.000,    0.000,    0.000, 2911.707, 3029.929, 3141.827, 3251.497, 3360.699, 3470.286, 3580.722, 3692.283, 3805.144, 3919.421, 4035.190, 4152.503, 4271.424, 4391.894, 4513.943, 4637.564],
        [   0.000,    0.000,    0.000,    0.000, 2907.501, 3027.102, 3139.739, 3249.865, 3359.377, 3469.191, 3579.799, 3691.496, 3804.467, 3918.832, 4034.674, 4152.049, 4271.018, 4391.531, 4513.617, 4637.272],
        [   0.000,    0.000,    0.000,    0.000, 2903.231, 3024.252, 3137.641, 3248.227, 3358.052, 3468.093, 3578.876, 3690.709, 3803.789, 3918.244, 4034.159, 4151.593, 4270.611, 4391.167, 4513.291, 4636.979],
        [   0.000,    0.000,    0.000,    0.000, 2898.896, 3021.377, 3135.533, 3246.585, 3356.724, 3466.994, 3577.951, 3689.921, 3803.111, 3917.655, 4033.643, 4151.138, 4270.205, 4390.804, 4512.965, 4636.686],
        [   0.000,    0.000,    0.000,    0.000, 2894.495, 3018.477, 3133.413, 3244.937, 3355.394, 3465.894, 3577.026, 3689.133, 3802.432, 3917.065, 4033.127, 4150.683, 4269.799, 4390.440, 4512.640, 4636.393],
        [   0.000,    0.000,    0.000,    0.000, 2890.024, 3015.552, 3131.283, 3243.285, 3354.062, 3464.793, 3576.100, 3688.344, 3801.753, 3916.476, 4032.610, 4150.227, 4269.392, 4390.077, 4512.314, 4636.100],
        [   0.000,    0.000,    0.000,    0.000, 2885.481, 3012.602, 3129.142, 3241.627, 3352.726, 3463.690, 3575.172, 3687.555, 3801.074, 3915.886, 4032.094, 4149.772, 4268.986, 4389.713, 4511.987, 4635.808],
        [   0.000,    0.000,    0.000,    0.000, 2880.864, 3009.626, 3126.990, 3239.964, 3351.388, 3462.585, 3574.245, 3686.765, 3800.394, 3915.296, 4031.577, 4149.316, 4268.579, 4389.350, 4511.661, 4635.515],
        [   0.000,    0.000,    0.000,    0.000, 2876.170, 3006.624, 3124.827, 3238.296, 3350.048, 3461.479, 3573.316, 3685.974, 3799.714, 3914.705, 4031.060, 4148.860, 4268.172, 4388.986, 4511.335, 4635.222],
        [   0.000,    0.000,    0.000,    0.000, 2871.396, 3003.596, 3122.653, 3236.623, 3348.704, 3460.372, 3572.386, 3685.183, 3799.034, 3914.114, 4030.543, 4148.404, 4267.765, 4388.622, 4511.009, 4634.929],
        [   0.000,    0.000,    0.000,    0.000, 2866.537, 3000.541, 3120.468, 3234.944, 3347.359, 3459.263, 3571.455, 3684.392, 3798.353, 3913.523, 4030.026, 4147.947, 4267.358, 4388.258, 4510.683, 4634.636],
        [   0.000,    0.000,    0.000,    0.000, 2861.589, 2997.459, 3118.271, 3233.260, 3346.010, 3458.152, 3570.524, 3683.600, 3797.672, 3912.932, 4029.508, 4147.491, 4266.951, 4387.894, 4510.357, 4634.343],
        [   0.000,    0.000,    0.000,    0.000, 2856.548, 2994.349, 3116.062, 3231.571, 3344.659, 3457.041, 3569.592, 3682.807, 3796.991, 3912.341, 4028.991, 4147.034, 4266.544, 4387.530, 4510.030, 4634.050],
        [   0.000,    0.000,    0.000,    0.000, 2851.409, 2991.212, 3113.842, 3229.876, 3343.304, 3455.927, 3568.658, 3682.013, 3796.309, 3911.749, 4028.473, 4146.578, 4266.136, 4387.166, 4509.704, 4633.756],
        [   0.000,    0.000,    0.000,    0.000, 2846.164, 2988.047, 3111.610, 3228.176, 3341.948, 3454.812, 3567.724, 3681.220, 3795.626, 3911.157, 4027.954, 4146.121, 4265.729, 4386.801, 4509.378, 4633.463],
        [   0.000,    0.000,    0.000,    0.000, 2840.808, 2984.852, 3109.366, 3226.471, 3340.588, 3453.696, 3566.789, 3680.425, 3794.944, 3910.564, 4027.436, 4145.664, 4265.321, 4386.437, 4509.051, 4633.170],
        [   0.000,    0.000,    0.000,    0.000, 2835.333, 2981.629, 3107.111, 3224.759, 3339.226, 3452.578, 3565.853, 3679.630, 3794.260, 3909.972, 4026.918, 4145.206, 4264.914, 4386.073, 4508.725, 4632.877],
        [   0.000,    0.000,    0.000,    0.000, 2829.731, 2978.376, 3104.843, 3223.043, 3337.860, 3451.458, 3564.916, 3678.835, 3793.577, 3909.379, 4026.399, 4144.749, 4264.506, 4385.708, 4508.398, 4632.584],
        [   0.000,    0.000,    0.000,    0.000, 2823.992, 2975.094, 3102.563, 3221.320, 3336.492, 3450.337, 3563.979, 3678.038, 3792.893, 3908.786, 4025.880, 4144.292, 4264.098, 4385.344, 4508.071, 4632.291],
        [   0.000,    0.000,    0.000,    0.000, 2818.108, 2971.780, 3100.270, 3219.592, 3335.121, 3449.215, 3563.040, 3677.242, 3792.209, 3908.192, 4025.361, 4143.834, 4263.690, 4384.979, 4507.745, 4631.997],
        [   0.000,    0.000,    0.000,    0.000, 2812.065, 2968.436, 3097.966, 3217.858, 3333.747, 3448.090, 3562.100, 3676.444, 3791.524, 3907.599, 4024.842, 4143.376, 4263.282, 4384.615, 4507.418, 4631.704],
        [   0.000,    0.000,    0.000,    0.000, 2805.852, 2965.060, 3095.648, 3216.119, 3332.371, 3446.965, 3561.160, 3675.646, 3790.839, 3907.005, 4024.322, 4142.918, 4262.874, 4384.250, 4507.092, 4631.411],
        [   0.000,    0.000,    0.000,    0.000,    0.000, 2961.651, 3093.318, 3214.374, 3330.991, 3445.837, 3560.218, 3674.848, 3790.154, 3906.410, 4023.802, 4142.460, 4262.466, 4383.885, 4506.765, 4631.117],
        [   0.000,    0.000,    0.000,    0.000,    0.000, 2958.210, 3090.975, 3212.622, 3329.609, 3444.709, 3559.276, 3674.049, 3789.468, 3905.816, 4023.282, 4142.002, 4262.057, 4383.521, 4506.438, 4630.824],
        [   0.000,    0.000,    0.000,    0.000,    0.000, 2954.736, 3088.620, 3210.865, 3328.223, 3443.578, 3558.333, 3673.249, 3788.782, 3905.221, 4022.762, 4141.544, 4261.649, 4383.156, 4506.111, 4630.531],
        [   0.000,    0.000,    0.000,    0.000,    0.000, 2951.227, 3086.251, 3209.102, 3326.835, 3442.446, 3557.388, 3672.449, 3788.095, 3904.626, 4022.242, 4141.085, 4261.240, 4382.791, 4505.784, 4630.237],
        [   0.000,    0.000,    0.000,    0.000,    0.000, 2947.683, 3083.869, 3207.333, 3325.444, 3441.312, 3556.443, 3671.648, 3787.408, 3904.031, 4021.721, 4140.626, 4260.832, 4382.426, 4505.457, 4629.944],
        [   0.000,    0.000,    0.000,    0.000,    0.000, 2944.104, 3081.474, 3205.558, 3324.049, 3440.177, 3555.497, 3670.847, 3786.721, 3903.435, 4021.201, 4140.168, 4260.423, 4382.061, 4505.131, 4629.651],
        [   0.000,    0.000,    0.000,    0.000,    0.000, 2940.488, 3079.065, 3203.777, 3322.652, 3439.040, 3554.550, 3670.045, 3786.033, 3902.839, 4020.680, 4139.709, 4260.014, 4381.696, 4504.804, 4629.357],
        [   0.000,    0.000,    0.000,    0.000,    0.000, 2936.835, 3076.643, 3201.990, 3321.251, 3437.902, 3553.602, 3669.242, 3785.345, 3902.243, 4020.159, 4139.250, 4259.605, 4381.331, 4504.477, 4629.064],
        [   0.000,    0.000,    0.000,    0.000,    0.000, 2933.144, 3074.207, 3200.197, 3319.848, 3436.761, 3552.653, 3668.439, 3784.657, 3901.647, 4019.638, 4138.790, 4259.196, 4380.965, 4504.150, 4628.770],
        [   0.000,    0.000,    0.000,    0.000,    0.000, 2929.414, 3071.758, 3198.397, 3318.442, 3435.620, 3551.703, 3667.635, 3783.968, 3901.050, 4019.116, 4138.331, 4258.787, 4380.600, 4503.823, 4628.477],
        [   0.000,    0.000,    0.000,    0.000,    0.000, 2925.644, 3069.294, 3196.592, 3317.032, 3434.476, 3550.753, 3666.831, 3783.278, 3900.453, 4018.594, 4137.871, 4258.378, 4380.235, 4503.496, 4628.183],
        [   0.000,    0.000,    0.000,    0.000,    0.000, 2921.833, 3066.817, 3194.780, 3315.619, 3433.331, 3549.801, 3666.026, 3782.589, 3899.856, 4018.073, 4137.412, 4257.969, 4379.870, 4503.168, 4627.890],
        [   0.000,    0.000,    0.000,    0.000,    0.000, 2917.980, 3064.325, 3192.961, 3314.204, 3432.184, 3548.848, 3665.221, 3781.899, 3899.258, 4017.551, 4136.952, 4257.559, 4379.504, 4502.841, 4627.596],
        [   0.000,    0.000,    0.000,    0.000,    0.000, 2914.083, 3061.818, 3191.137, 3312.785, 3431.036, 3547.894, 3664.415, 3781.208, 3898.661, 4017.028, 4136.492, 4257.150, 4379.139, 4502.514, 4627.303],
        [   0.000,    0.000,    0.000,    0.000,    0.000, 2910.142, 3059.297, 3189.306, 3311.363, 3429.886, 3546.940, 3663.608, 3780.518, 3898.063, 4016.506, 4136.032, 4256.740, 4378.773, 4502.187, 4627.009],
        [   0.000,    0.000,    0.000,    0.000,    0.000, 2906.156, 3056.762, 3187.468, 3309.937, 3428.734, 3545.984, 3662.801, 3779.826, 3897.464, 4015.983, 4135.572, 4256.331, 4378.408, 4501.860, 4626.715],
        [   0.000,    0.000,    0.000,    0.000,    0.000, 2902.122, 3054.212, 3185.624, 3308.509, 3427.580, 3545.027, 3661.993, 3779.135, 3896.866, 4015.460, 4135.112, 4255.921, 4378.042, 4501.533, 4626.422],
        [   0.000,    0.000,    0.000,    0.000,    0.000, 2898.040, 3051.646, 3183.774, 3307.078, 3426.425, 3544.070, 3661.184, 3778.443, 3896.267, 4014.937, 4134.651, 4255.511, 4377.676, 4501.205, 4626.128],
        [   0.000,    0.000,    0.000,    0.000,    0.000, 2893.909, 3049.066, 3181.917, 3305.643, 3425.268, 3543.111, 3660.375, 3777.750, 3895.668, 4014.414, 4134.190, 4255.101, 4377.311, 4500.878, 4625.835],
        [   0.000,    0.000,    0.000,    0.000,    0.000, 2889.726, 3046.470, 3180.053, 3304.205, 3424.110, 3542.152, 3659.565, 3777.058, 3895.069, 4013.891, 4133.730, 4254.692, 4376.945, 4500.551, 4625.541],
        [   0.000,    0.000,    0.000,    0.000,    0.000, 2885.490, 3043.858, 3178.183, 3302.764, 3422.949, 3541.191, 3658.755, 3776.364, 3894.469, 4013.367, 4133.269, 4254.282, 4376.579, 4500.223, 4625.247],
        [   0.000,    0.000,    0.000,    0.000,    0.000, 2881.201, 3041.231, 3176.306, 3301.319, 3421.787, 3540.230, 3657.944, 3775.671, 3893.869, 4012.844, 4132.808, 4253.871, 4376.213, 4499.896, 4624.954],
        [   0.000,    0.000,    0.000,    0.000,    0.000, 2876.854, 3038.588, 3174.422, 3299.871, 3420.624, 3539.267, 3657.133, 3774.977, 3893.269, 4012.320, 4132.347, 4253.461, 4375.847, 4499.569, 4624.660],
        [   0.000,    0.000,    0.000,    0.000,    0.000, 2872.450, 3035.929, 3172.532, 3298.420, 3419.458, 3538.304, 3656.321, 3774.283, 3892.669, 4011.796, 4131.886, 4253.051, 4375.482, 4499.241, 4624.367],
        [   0.000,    0.000,    0.000,    0.000,    0.000, 2867.986, 3033.254, 3170.634, 3296.966, 3418.291, 3537.339, 3655.508, 3773.588, 3892.068, 4011.271, 4131.424, 4252.641, 4375.116, 4498.914, 4624.073],
        [   0.000,    0.000,    0.000,    0.000,    0.000, 2863.461, 3030.562, 3168.730, 3295.508, 3417.122, 3536.374, 3654.695, 3772.893, 3891.467, 4010.747, 4130.963, 4252.230, 4374.750, 4498.586, 4623.779],
        [   0.000,    0.000,    0.000,    0.000,    0.000, 2858.871, 3027.854, 3166.819, 3294.047, 3415.951, 3535.408, 3653.881, 3772.197, 3890.866, 4010.222, 4130.501, 4251.820, 4374.383, 4498.259, 4623.486],
        [   0.000,    0.000,    0.000,    0.000,    0.000, 2854.215, 3025.129, 3164.901, 3292.583, 3414.778, 3534.440, 3653.066, 3771.501, 3890.265, 4009.697, 4130.039, 4251.409, 4374.017, 4497.931, 4623.192],
        [   0.000,    0.000,    0.000,    0.000,    0.000, 2849.491, 3022.386, 3162.976, 3291.115, 3413.604, 3533.472, 3652.251, 3770.805, 3889.663, 4009.172, 4129.577, 4250.999, 4373.651, 4497.604, 4622.898],
        [   0.000,    0.000,    0.000,    0.000,    0.000, 2844.696, 3019.627, 3161.044, 3289.644, 3412.428, 3532.502, 3651.436, 3770.109, 3889.061, 4008.647, 4129.115, 4250.588, 4373.285, 4497.276, 4622.605],
        [   0.000,    0.000,    0.000,    0.000,    0.000, 2839.828, 3016.850, 3159.104, 3288.169, 3411.250, 3531.532, 3650.619, 3769.412, 3888.459, 4008.122, 4128.653, 4250.177, 4372.919, 4496.949, 4622.311],
        [   0.000,    0.000,    0.000,    0.000,    0.000, 2834.883, 3014.055, 3157.158, 3286.692, 3410.071, 3530.560, 3649.802, 3768.714, 3887.856, 4007.596, 4128.191, 4249.766, 4372.553, 4496.621, 4622.017],
        [   0.000,    0.000,    0.000,    0.000,    0.000, 2829.859, 3011.242, 3155.204, 3285.210, 3408.889, 3529.588, 3648.985, 3768.016, 3887.253, 4007.071, 4127.728, 4249.355, 4372.186, 4496.294, 4621.724],
        [   0.000,    0.000,    0.000,    0.000,    0.000, 2824.753, 3008.411, 3153.244, 3283.725, 3407.706, 3528.614, 3648.167, 3767.318, 3886.651, 4006.545, 4127.266, 4248.944, 4371.820, 4495.966, 4621.430],
        [   0.000,    0.000,    0.000,    0.000,    0.000, 2819.561, 3005.561, 3151.275, 3282.237, 3406.521, 3527.640, 3647.348, 3766.620, 3886.047, 4006.019, 4126.803, 4248.533, 4371.454, 4495.639, 4621.136],
        [   0.000,    0.000,    0.000,    0.000,    0.000, 2814.280, 3002.693, 3149.300, 3280.745, 3405.334, 3526.664, 3646.529, 3765.921, 3885.444, 4005.492, 4126.340, 4248.122, 4371.087, 4495.311, 4620.843],
        [   0.000,    0.000,    0.000,    0.000,    0.000, 2808.906, 2999.806, 3147.317, 3279.250, 3404.145, 3525.688, 3645.709, 3765.221, 3884.840, 4004.966, 4125.878, 4247.711, 4370.721, 4494.983, 4620.549],
        [   0.000,    0.000,    0.000,    0.000,    0.000, 2803.433, 2996.899, 3145.327, 3277.751, 3402.955, 3524.710, 3644.888, 3764.521, 3884.236, 4004.439, 4125.415, 4247.300, 4370.354, 4494.656, 4620.255],
        [   0.000,    0.000,    0.000,    0.000,    0.000, 2797.858, 2993.973, 3143.329, 3276.249, 3401.763, 3523.732, 3644.067, 3763.821, 3883.632, 4003.913, 4124.951, 4246.888, 4369.988, 4494.328, 4619.962],
        [   0.000,    0.000,    0.000,    0.000,    0.000, 2792.175, 2991.027, 3141.324, 3274.743, 3400.569, 3522.752, 3643.245, 3763.121, 3883.027, 4003.386, 4124.488, 4246.477, 4369.621, 4494.000, 4619.668],
        [   0.000,    0.000,    0.000,    0.000,    0.000, 2786.379, 2988.061, 3139.311, 3273.234, 3399.373, 3521.772, 3642.423, 3762.420, 3882.422, 4002.859, 4124.025, 4246.066, 4369.255, 4493.673, 4619.374],
        [   0.000,    0.000,    0.000,    0.000,    0.000, 2780.461, 2985.074, 3137.290, 3271.721, 3398.175, 3520.790, 3641.600, 3761.719, 3881.817, 4002.331, 4123.561, 4245.654, 4368.888, 4493.345, 4619.081],
        [   0.000,    0.000,    0.000,    0.000,    0.000, 2774.414, 2982.067, 3135.262, 3270.205, 3396.975, 3519.807, 3640.776, 3761.017, 3881.212, 4001.804, 4123.098, 4245.243, 4368.522, 4493.017, 4618.787],
        [   0.000,    0.000,    0.000,    0.000,    0.000, 2768.230, 2979.038, 3133.226, 3268.685, 3395.774, 3518.823, 3639.952, 3760.315, 3880.607, 4001.276, 4122.634, 4244.831, 4368.155, 4492.690, 4618.493],
        [   0.000,    0.000,    0.000,    0.000,    0.000, 2761.899, 2975.989, 3131.182, 3267.161, 3394.570, 3517.839, 3639.127, 3759.612, 3880.001, 4000.748, 4122.170, 4244.419, 4367.788, 4492.362, 4618.200],
        [   0.000,    0.000,    0.000,    0.000,    0.000, 2755.408, 2972.917, 3129.130, 3265.633, 3393.365, 3516.853, 3638.301, 3758.910, 3879.395, 4000.220, 4121.706, 4244.008, 4367.422, 4492.034, 4617.906],
        [   0.000,    0.000,    0.000,    0.000,    0.000,    0.000, 2969.823, 3127.071, 3264.102, 3392.158, 3515.866, 3637.475, 3758.206, 3878.788, 3999.692, 4121.242, 4243.596, 4367.055, 4491.707, 4617.612],
        [   0.000,    0.000,    0.000,    0.000,    0.000,    0.000, 2966.707, 3125.003, 3262.568, 3390.949, 3514.878, 3636.649, 3757.503, 3878.182, 3999.164, 4120.778, 4243.184, 4366.688, 4491.379, 4617.319],
        [   0.000,    0.000,    0.000,    0.000,    0.000,    0.000, 2963.567, 3122.928, 3261.030, 3389.738, 3513.889, 3635.821, 3756.799, 3877.575, 3998.635, 4120.313, 4242.772, 4366.321, 4491.051, 4617.025],
        [   0.000,    0.000,    0.000,    0.000,    0.000,    0.000, 2960.405, 3120.844, 3259.488, 3388.525, 3512.899, 3634.993, 3756.094, 3876.968, 3998.107, 4119.849, 4242.360, 4365.955, 4490.724, 4616.732],
        [   0.000,    0.000,    0.000,    0.000,    0.000,    0.000, 2957.219, 3118.753, 3257.942, 3387.310, 3511.908, 3634.165, 3755.390, 3876.361, 3997.578, 4119.384, 4241.948, 4365.588, 4490.396, 4616.438],
        [   0.000,    0.000,    0.000,    0.000,    0.000,    0.000, 2954.008, 3116.653, 3256.392, 3386.094, 3510.916, 3633.335, 3754.684, 3875.753, 3997.049, 4118.920, 4241.536, 4365.221, 4490.068, 4616.145],
        [   0.000,    0.000,    0.000,    0.000,    0.000,    0.000, 2950.774, 3114.545, 3254.839, 3384.875, 3509.923, 3632.506, 3753.979, 3875.145, 3996.520, 4118.455, 4241.124, 4364.854, 4489.740, 4615.851],
        [   0.000,    0.000,    0.000,    0.000,    0.000,    0.000, 2947.514, 3112.428, 3253.282, 3383.655, 3508.929, 3631.675, 3753.273, 3874.537, 3995.990, 4117.990, 4240.712, 4364.487, 4489.413, 4615.557],
        [   0.000,    0.000,    0.000,    0.000,    0.000,    0.000, 2944.229, 3110.303, 3251.722, 3382.433, 3507.934, 3630.844, 3752.567, 3873.929, 3995.461, 4117.525, 4240.299, 4364.120, 4489.085, 4615.264],
        [   0.000,    0.000,    0.000,    0.000,    0.000,    0.000, 2940.918, 3108.170, 3250.157, 3381.209, 3506.937, 3630.012, 3751.860, 3873.320, 3994.931, 4117.060, 4239.887, 4363.753, 4488.757, 4614.970],
        [   0.000,    0.000,    0.000,    0.000,    0.000,    0.000, 2937.580, 3106.028, 3248.589, 3379.982, 3505.940, 3629.180, 3751.153, 3872.712, 3994.401, 4116.595, 4239.475, 4363.387, 4488.430, 4614.677],
        [   0.000,    0.000,    0.000,    0.000,    0.000,    0.000, 2934.216, 3103.878, 3247.017, 3378.754, 3504.942, 3628.347, 3750.445, 3872.103, 3993.871, 4116.129, 4239.062, 4363.020, 4488.102, 4614.383],
        [   0.000,    0.000,    0.000,    0.000,    0.000,    0.000, 2930.825, 3101.719, 3245.441, 3377.524, 3503.942, 3627.514, 3749.738, 3871.493, 3993.341, 4115.664, 4238.650, 4362.653, 4487.774, 4614.090],
        [   0.000,    0.000,    0.000,    0.000,    0.000,    0.000, 2927.406, 3099.552, 3243.861, 3376.292, 3502.942, 3626.679, 3749.029, 3870.884, 3992.811, 4115.198, 4238.237, 4362.286, 4487.447, 4613.797],
        [   0.000,    0.000,    0.000,    0.000,    0.000,    0.000, 2923.958, 3097.375, 3242.278, 3375.058, 3501.940, 3625.845, 3748.321, 3870.274, 3992.280, 4114.733, 4237.800, 4362.000, 4487.300, 4613.800],
        [   0.000,    0.000,    0.000,    0.000,    0.000,    0.000, 2887.786, 3075.115, 3226.227, 3362.612, 3491.865, 3617.462, 3741.213, 3864.163, 3986.967, 4110.070, 4233.600, 4358.300, 4484.100, 4610.900],
        [   0.000,    0.000,    0.000,    0.000,    0.000,    0.000, 2848.013, 3051.898, 3209.775, 3349.965, 3481.682, 3609.017, 3734.068, 3858.027, 3981.638, 4105.398, 4229.500, 4354.700, 4480.800, 4608.000],
        [   0.000,    0.000,    0.000,    0.000,    0.000,    0.000, 2803.609, 3027.636, 3192.904, 3337.116, 3471.390, 3600.510, 3726.885, 3851.869, 3976.294, 4100.716, 4225.400, 4351.000, 4477.500, 4605.000],
        [   0.000,    0.000,    0.000,    0.000,    0.000,    0.000, 2752.919, 3002.227, 3175.599, 3324.059, 3460.987, 3591.940, 3719.665, 3845.687, 3970.935, 4096.025, 4221.300, 4347.400, 4474.300, 4602.100],
        [   0.000,    0.000,    0.000,    0.000,    0.000,    0.000, 2693.000, 2975.548, 3157.842, 3310.791, 3450.474, 3583.308, 3712.408, 3839.483, 3965.563, 4091.326, 4217.100, 4343.700, 4471.000, 4599.200],
        [   0.000,    0.000,    0.000,    0.000,    0.000,    0.000, 2616.986, 2947.455, 3139.612, 3297.309, 3439.850, 3574.613, 3705.115, 3833.257, 3960.178, 4086.619, 4213.000, 4340.000, 4467.800, 4596.300],
        [   0.000,    0.000,    0.000,    0.000,    0.000,    0.000,    0.000, 2917.778, 3120.890, 3283.611, 3429.114, 3565.857, 3697.786, 3827.011, 3954.781, 4081.905, 4208.800, 4336.400, 4464.500, 4593.400],
        [   0.000,    0.000,    0.000,    0.000,    0.000,    0.000,    0.000, 2886.305, 3101.653, 3269.692, 3418.267, 3557.040, 3690.423, 3820.744, 3949.372, 4077.184, 4204.700, 4332.700, 4461.200, 4590.500],
        [   0.000,    0.000,    0.000,    0.000,    0.000,    0.000,    0.000, 2852.773, 3081.876, 3255.552, 3407.309, 3548.163, 3683.025, 3814.457, 3943.951, 4072.457, 4200.500, 4329.000, 4458.000, 4587.600],
        [   0.000,    0.000,    0.000,    0.000,    0.000,    0.000,    0.000, 2816.836, 3061.534, 3241.187, 3396.241, 3539.226, 3675.594, 3808.152, 3938.521, 4067.725, 4196.400, 4325.400, 4454.700, 4584.700],
        [   0.000,    0.000,    0.000,    0.000,    0.000,    0.000,    0.000, 2778.035, 3040.600, 3226.594, 3385.064, 3530.231, 3668.131, 3801.829, 3933.080, 4062.989, 4192.200, 4321.700, 4451.500, 4581.800],
        [   0.000,    0.000,    0.000,    0.000,    0.000,    0.000,    0.000, 2735.762, 3019.047, 3211.773, 3373.778, 3521.178, 3660.636, 3795.488, 3927.630, 4058.248, 4188.100, 4318.000, 4448.200, 4578.900],
        [   0.000,    0.000,    0.000,    0.000,    0.000,    0.000,    0.000, 2689.223, 2996.844, 3196.720, 3362.385, 3512.070, 3653.111, 3789.131, 3922.172, 4053.503, 4183.900, 4314.400, 4445.000, 4576.000],
        [   0.000,    0.000,    0.000,    0.000,    0.000,    0.000,    0.000, 2637.371, 2973.965, 3181.435, 3350.887, 3502.907, 3645.556, 3782.758, 3916.706, 4048.755, 4179.800, 4310.700, 4441.700, 4573.100],
        [   0.000,    0.000,    0.000,    0.000,    0.000,    0.000,    0.000, 2578.749, 2950.380, 3165.915, 3339.284, 3493.691, 3637.973, 3776.370, 3911.233, 4044.005, 4175.600, 4307.100, 4438.500, 4570.200],
        [   0.000,    0.000,    0.000,    0.000,    0.000,    0.000,    0.000, 2510.279, 2926.061, 3150.161, 3327.580, 3484.423, 3630.363, 3769.969, 3905.753, 4039.253, 4171.500, 4303.400, 4435.200, 4567.300],
        [   0.000,    0.000,    0.000,    0.000,    0.000,    0.000,    0.000, 2429.535, 2900.981, 3134.170, 3315.776, 3475.105, 3622.727, 3763.554, 3900.268, 4034.499, 4167.300, 4299.700, 4432.000, 4564.400],
        [   0.000,    0.000,    0.000,    0.000,    0.000,    0.000,    0.000, 2334.215, 2875.112, 3117.945, 3303.874, 3465.739, 3615.067, 3757.128, 3894.778, 4029.744, 4163.200, 4296.100, 4428.800, 4561.600],
        [   0.000,    0.000,    0.000,    0.000,    0.000,    0.000,    0.000, 2234.151, 2848.430, 3101.485, 3291.878, 3456.328, 3607.383, 3750.690, 3889.283, 4024.989, 4159.000, 4292.400, 4425.500, 4558.700],
        [   0.000,    0.000,    0.000,    0.000,    0.000,    0.000,    0.000, 2152.788, 2820.913, 3084.792, 3279.789, 3446.872, 3599.677, 3744.242, 3883.784, 4020.234, 4154.900, 4288.800, 4422.300, 4555.800],
        [   0.000,    0.000,    0.000,    0.000,    0.000,    0.000,    0.000, 2095.946, 2792.545, 3067.871, 3267.612, 3437.375, 3591.951, 3737.784, 3878.283, 4015.480, 4150.700, 4285.100, 4419.100, 4552.900],
        [   0.000,    0.000,    0.000,    0.000,    0.000,    0.000,    0.000, 2056.630, 2763.324, 3050.726, 3255.348, 3427.838, 3584.206, 3731.319, 3872.779, 4010.727, 4146.600, 4281.500, 4415.800, 4550.100],
        [   0.000,    0.000,    0.000,    0.000,    0.000,    0.000,    0.000, 2028.003, 2733.272, 3033.362, 3243.003, 3418.265, 3576.444, 3724.846, 3867.274, 4005.976, 4142.400, 4277.800, 4412.600, 4547.200],
        [   0.000,    0.000,    0.000,    0.000,    0.000,    0.000,    0.000, 2005.993, 2702.449, 3015.789, 3230.579, 3408.656, 3568.666, 3718.368, 3861.767, 4001.227, 4138.300, 4274.200, 4409.400, 4544.400],
        [   0.000,    0.000,    0.000,    0.000,    0.000,    0.000,    0.000, 1988.252, 2670.967, 2998.017, 3218.082, 3399.016, 3560.873, 3711.884, 3856.261, 3996.481, 4134.200, 4270.600, 4406.200, 4541.500],
        [   0.000,    0.000,    0.000,    0.000,    0.000,    0.000,    0.000, 1973.450, 2639.004, 2980.058, 3205.514, 3389.347, 3553.068, 3705.396, 3850.755, 3991.738, 4130.000, 4267.000, 4403.000, 4538.700],
        [   0.000,    0.000,    0.000,    0.000,    0.000,    0.000,    0.000, 1960.784, 2606.785, 2961.926, 3192.882, 3379.651, 3545.253, 3698.905, 3845.250, 3986.999, 4125.900, 4263.300, 4399.800, 4535.800],
        [   0.000,    0.000,    0.000,    0.000,    0.000,    0.000,    0.000, 1949.735, 2574.595, 2943.640, 3180.189, 3369.931, 3537.428, 3692.412, 3839.748, 3982.264, 4121.800, 4259.700, 4396.600, 4533.000],
        [   0.000,    0.000,    0.000,    0.000,    0.000,    0.000,    0.000, 1939.953, 2542.736, 2925.220, 3167.443, 3360.191, 3529.595, 3685.918, 3834.248, 3977.534, 4117.700, 4256.100, 4393.400, 4530.100],
        [   0.000,    0.000,    0.000,    0.000,    0.000,    0.000,    0.000, 1931.192, 2511.630, 2906.687, 3154.648, 3350.433, 3521.757, 3679.425, 3828.751, 3972.809, 4113.600, 4252.500, 4390.200, 4527.300],
        [   0.000,    0.000,    0.000,    0.000,    0.000,    0.000,    0.000, 1923.268, 2481.640, 2888.068, 3141.812, 3340.660, 3513.915, 3672.933, 3823.258, 3968.091, 4109.500, 4248.900, 4387.000, 4524.500],
        [   0.000,    0.000,    0.000,    0.000,    0.000,    0.000,    0.000, 1916.045, 2453.047, 2869.392, 3128.940, 3330.877, 3506.071, 3666.444, 3817.771, 3963.378, 4105.400, 4245.300, 4383.900, 4521.700],
        [   0.000,    0.000,    0.000,    0.000,    0.000,    0.000,    0.000, 1909.419, 2426.050, 2850.690, 3116.041, 3321.085, 3498.228, 3659.958, 3812.289, 3958.672, 4101.300, 4241.700, 4380.700, 4518.900],
        [   0.000,    0.000,    0.000,    0.000,    0.000,    0.000,    0.000, 1903.305, 2400.771, 2831.996, 3103.123, 3311.289, 3490.386, 3653.478, 3806.813, 3953.974, 4097.200, 4238.100, 4377.500, 4516.100],
        [   0.000,    0.000,    0.000,    0.000,    0.000,    0.000,    0.000, 1897.638, 2377.259, 2813.351, 3090.193, 3301.492, 3482.547, 3647.003, 3801.344, 3949.283, 4093.100, 4234.600, 4374.400, 4513.300],
        [   0.000,    0.000,    0.000,    0.000,    0.000,    0.000,    0.000, 1892.361, 2355.500, 2794.796, 3077.260, 3291.697, 3474.715, 3640.535, 3795.883, 3944.600, 4089.100, 4231.000, 4371.300, 4510.500],
        [   0.000,    0.000,    0.000,    0.000,    0.000,    0.000,    0.000, 1887.431, 2335.436, 2776.380, 3064.335, 3281.908, 3466.890, 3634.076, 3790.430, 3939.926, 4085.000, 4227.500, 4368.100, 4507.700],
        [   0.000,    0.000,    0.000,    0.000,    0.000,    0.000,    0.000, 1882.809, 2316.971, 2758.156, 3051.426, 3272.129, 3459.075, 3627.627, 3784.986, 3935.261, 4081.000, 4223.900, 4365.000, 4504.900],
        [   0.000,    0.000,    0.000,    0.000,    0.000,    0.000,    0.000, 1878.463, 2299.992, 2740.182, 3038.545, 3262.363, 3451.271, 3621.188, 3779.553, 3930.606, 4076.900, 4220.400, 4361.900, 4502.200],
        [   0.000,    0.000,    0.000,    0.000,    0.000,    0.000,    0.000, 1874.368, 2284.378, 2722.520, 3025.703, 3252.614, 3443.481, 3614.761, 3774.130, 3925.960, 4072.900, 4216.800, 4358.700, 4499.400],
        [   0.000,    0.000,    0.000,    0.000,    0.000,    0.000,    0.000, 1870.498, 2270.004, 2705.234, 3012.910, 3242.887, 3435.706, 3608.346, 3768.718, 3921.326, 4068.900, 4213.300, 4355.600, 4496.600],
        [   0.000,    0.000,    0.000,    0.000,    0.000,    0.000,    0.000, 1866.834, 2256.752, 2688.383, 3000.180, 3233.184, 3427.949, 3601.946, 3763.318, 3916.702, 4064.800, 4209.800, 4352.500, 4493.900],
        [   0.000,    0.000,    0.000,    0.000,    0.000,    0.000,    0.000, 1863.358, 2244.512, 2672.011, 2987.524, 3223.511, 3420.212, 3595.562, 3757.931, 3912.089, 4060.800, 4206.300, 4349.400, 4491.100],
        [   0.000,    0.000,    0.000,    0.000,    0.000,    0.000,    0.000, 1860.055, 2233.183, 2656.123, 2974.954, 3213.870, 3412.496, 3589.194, 3752.557, 3907.488, 4056.900, 4202.800, 4346.400, 4488.400],
        [   0.000,    0.000,    0.000,    0.000,    0.000,    0.000,    0.000, 1856.910, 2222.672, 2640.577, 2962.484, 3204.267, 3404.803, 3582.843, 3747.197, 3902.899, 4052.900, 4199.300, 4343.300, 4485.700],
        [   0.000,    0.000,    0.000,    0.000,    0.000,    0.000,    0.000, 1853.913, 2212.897, 2625.540, 2950.126, 3194.705, 3397.137, 3576.511, 3741.853, 3898.323, 4048.900, 4195.800, 4340.200, 4483.000],
        [   0.000,    0.000,    0.000,    0.000,    0.000,    0.000,    0.000, 1851.051, 2203.786, 2610.989, 2937.892, 3185.188, 3389.497, 3570.199, 3736.523, 3893.760, 4044.900, 4192.400, 4337.200, 4480.300],
        [   0.000,    0.000,    0.000,    0.000,    0.000,    0.000,    0.000, 1848.316, 2195.274, 2596.945, 2925.796, 3175.721, 3381.888, 3563.909, 3731.210, 3889.211, 4041.000, 4188.900, 4334.100, 4477.600],
        [   0.000,    0.000,    0.000,    0.000,    0.000,    0.000,    0.000, 1845.699, 2187.303, 2583.416, 2913.850, 3166.308, 3374.310, 3557.640, 3725.914, 3884.675, 4037.100, 4185.500, 4331.100, 4474.900],
        [   0.000,    0.000,    0.000,    0.000,    0.000,    0.000,    0.000, 1843.192, 2179.823, 2570.404, 2902.065, 3156.953, 3366.765, 3551.394, 3720.635, 3880.154, 4033.100, 4182.000, 4328.100, 4472.200],
        [   0.000,    0.000,    0.000,    0.000,    0.000,    0.000,    0.000, 1840.787, 2172.713, 2557.907, 2890.452, 3147.660, 3359.255, 3545.173, 3715.375, 3875.647, 4029.200, 4178.600, 4325.000, 4469.500],
        [   0.000,    0.000,    0.000,    0.000,    0.000,    0.000,    0.000, 1838.480, 2166.004, 2545.915, 2879.021, 3138.433, 3351.783, 3538.978, 3710.133, 3871.156, 4025.300, 4175.200, 4322.000, 4466.900],
        [   0.000,    0.000,    0.000,    0.000,    0.000,    0.000,    0.000, 1836.263, 2159.666, 2534.415, 2867.783, 3129.277, 3344.350, 3532.809, 3704.912, 3866.680, 4021.500, 4171.800, 4319.000, 4464.200],
        [   0.000,    0.000,    0.000,    0.000,    0.000,    0.000,    0.000, 1834.132, 2153.667, 2523.394, 2856.744, 3120.196, 3336.958, 3526.667, 3699.710, 3862.220, 4017.600, 4168.400, 4316.100, 4461.600],
        [   0.000,    0.000,    0.000,    0.000,    0.000,    0.000,    0.000, 1832.082, 2147.978, 2512.834, 2845.912, 3111.194, 3329.609, 3520.554, 3694.529, 3857.776, 4013.700, 4165.000, 4313.100, 4458.900],
        [   0.000,    0.000,    0.000,    0.000,    0.000,    0.000,    0.000, 1830.108, 2142.573, 2502.717, 2835.294, 3102.274, 3322.305, 3514.470, 3689.370, 3853.349, 4009.900, 4161.700, 4310.100, 4456.300],
        [   0.000,    0.000,    0.000,    0.000,    0.000,    0.000,    0.000, 1828.206, 2137.431, 2493.025, 2824.892, 3093.442, 3315.047, 3508.418, 3684.232, 3848.939, 4006.100, 4158.300, 4307.200, 4453.700],
        [   0.000,    0.000,    0.000,    0.000,    0.000,    0.000,    0.000, 1826.374, 2132.531, 2483.739, 2814.710, 3084.701, 3307.838, 3502.396, 3679.118, 3844.546, 4002.300, 4155.000, 4304.200, 4451.100],
        [   0.000,    0.000,    0.000,    0.000,    0.000,    0.000,    0.000, 1824.606, 2127.855, 2474.840, 2804.750, 3076.054, 3300.678, 3496.407, 3674.027, 3840.171, 3998.500, 4151.700, 4301.300, 4448.500],
        [   0.000,    0.000,    0.000,    0.000,    0.000,    0.000,    0.000, 1822.900, 2123.388, 2466.310, 2795.013, 3067.506, 3293.570, 3490.452, 3668.960, 3835.814, 3994.700, 4148.300, 4298.400, 4445.900],
        [   0.000,    0.000,    0.000,    0.000,    0.000,    0.000,    0.000, 1821.254, 2119.115, 2458.130, 2785.498, 3059.059, 3286.515, 3484.531, 3663.918, 3831.476, 3990.900, 4145.000, 4295.400, 4443.300],
        [   0.000,    0.000,    0.000,    0.000,    0.000,    0.000,    0.000, 1819.664, 2115.023, 2450.283, 2776.205, 3050.717, 3279.515, 3478.645, 3658.901, 3827.157, 3987.200, 4141.800, 4292.500, 4440.700],
        [   0.000,    0.000,    0.000,    0.000,    0.000,    0.000,    0.000, 1818.127, 2111.100, 2442.753, 2767.132, 3042.484, 3272.572, 3472.795, 3653.909, 3822.856, 3983.400, 4138.500, 4289.700, 4438.200],
        [   0.000,    0.000,    0.000,    0.000,    0.000,    0.000,    0.000, 1816.643, 2107.336, 2435.523, 2758.279, 3034.362, 3265.686, 3466.982, 3648.944, 3818.576, 3979.700, 4135.200, 4286.800, 4435.600],
        [   0.000,    0.000,    0.000,    0.000,    0.000,    0.000,    0.000, 1815.208, 2103.720, 2428.578, 2749.645, 3026.353, 3258.860, 3461.207, 3644.006, 3814.315, 3976.000, 4132.000, 4283.900, 4433.100],
        [   0.000,    0.000,    0.000,    0.000,    0.000,    0.000,    0.000, 1813.820, 2100.245, 2421.904, 2741.231, 3018.461, 3252.094, 3455.470, 3639.095, 3810.075, 3972.300, 4128.700, 4281.100, 4430.500],
        [   0.000,    0.000,    0.000,    0.000,    0.000,    0.000,    0.000, 1812.477, 2096.901, 2415.487, 2733.039, 3010.686, 3245.391, 3449.772, 3634.213, 3805.855, 3968.600, 4125.500, 4278.200, 4428.000],
        [   0.000,    0.000,    0.000,    0.000,    0.000,    0.000,    0.000, 1811.178, 2093.682, 2409.313, 2725.191, 3003.032, 3238.751, 3444.114, 3629.358, 3801.656, 3965.000, 4122.300, 4275.400, 4425.500],
        [   0.000,    0.000,    0.000,    0.000,    0.000,    0.000,    0.000, 1809.922, 2090.580, 2403.371, 2717.494, 2995.500, 3232.175, 3438.497, 3624.533, 3797.479, 3961.400, 4119.100, 4272.600, 4423.000],
        [   0.000,    0.000,    0.000,    0.000,    0.000,    0.000,    0.000, 1808.705, 2087.589, 2397.648, 2709.999, 2988.090, 3225.666, 3432.921, 3619.738, 3793.322, 3957.700, 4115.900, 4269.800, 4420.500],
        [   0.000,    0.000,    0.000,    0.000,    0.000,    0.000,    0.000, 1807.528, 2084.704, 2392.135, 2702.700, 2980.803, 3219.223, 3427.386, 3614.972, 3789.188, 3954.100, 4112.800, 4267.000, 4418.000],
        [   0.000,    0.000,    0.000,    0.000,    0.000,    0.000,    0.000, 1806.387, 2081.920, 2386.819, 2695.595, 2973.641, 3212.849, 3421.894, 3610.237, 3785.076, 3950.600, 4109.600, 4264.200, 4415.600],
        [   0.000,    0.000,    0.000,    0.000,    0.000,    0.000,    0.000, 1805.284, 2079.230, 2381.693, 2688.680, 2966.602, 3206.543, 3416.446, 3605.533, 3780.987, 3947.000, 4106.500, 4261.400, 4413.100],
        [   0.000,    0.000,    0.000,    0.000,    0.000,    0.000,    0.000, 1804.215, 2076.631, 2376.746, 2681.951, 2959.688, 3200.308, 3411.040, 3600.860, 3776.920, 3943.500, 4103.400, 4258.700, 4410.700],
        [   0.000,    0.000,    0.000,    0.000,    0.000,    0.000,    0.000, 1803.180, 2074.118, 2371.969, 2675.404, 2952.897, 3194.143, 3405.679, 3596.220, 3772.877, 3939.900, 4100.300, 4255.900, 4408.200],
        [   0.000,    0.000,    0.000,    0.000,    0.000,    0.000,    0.000, 1802.177, 2071.688, 2367.356, 2669.033, 2946.229, 3188.051, 3400.362, 3591.611, 3768.857, 3936.400, 4097.200, 4253.200, 4405.800],
        [   0.000,    0.000,    0.000,    0.000,    0.000,    0.000,    0.000, 1801.206, 2069.336, 2362.897, 2662.836, 2939.683, 3182.030, 3395.089, 3587.035, 3764.860, 3932.900, 4094.100, 4250.500, 4403.400],
        [   0.000,    0.000,    0.000,    0.000,    0.000,    0.000,    0.000, 1800.266, 2067.059, 2358.586, 2656.808, 2933.257, 3176.083, 3389.862, 3582.492, 3760.888, 3929.500, 4091.100, 4247.800, 4401.000],
        [   0.000,    0.000,    0.000,    0.000,    0.000,    0.000,    0.000, 1799.355, 2064.854, 2354.416, 2650.943, 2926.950, 3170.210, 3384.681, 3577.983, 3756.940, 3926.000, 4088.000, 4245.100, 4398.600],
        [   0.000,    0.000,    0.000,    0.000,    0.000,    0.000,    0.000, 1798.473, 2062.718, 2350.381, 2645.237, 2920.760, 3164.411, 3379.545, 3573.508, 3753.016, 3922.600, 4085.000, 4242.400, 4396.200],
        [   0.000,    0.000,    0.000,    0.000,    0.000,    0.000,    0.000, 1797.619, 2060.647, 2346.474, 2639.687, 2914.687, 3158.688, 3374.455, 3569.066, 3749.118, 3919.200, 4082.000, 4239.700, 4393.800],
        [   0.000,    0.000,    0.000,    0.000,    0.000,    0.000,    0.000, 1796.792, 2058.640, 2342.691, 2634.288, 2908.728, 3153.039, 3369.412, 3564.659, 3745.244, 3915.800, 4079.000, 4237.100, 4391.500],
        [   0.000,    0.000,    0.000,    0.000,    0.000,    0.000,    0.000, 1795.991, 2056.694, 2339.024, 2629.034, 2902.883, 3147.467, 3364.415, 3560.287, 3741.396, 3912.400, 4076.000, 4234.400, 4389.100],
        [   0.000,    0.000,    0.000,    0.000,    0.000,    0.000,    0.000, 1795.215, 2054.805, 2335.471, 2623.923, 2897.150, 3141.970, 3359.465, 3555.950, 3737.573, 3909.000, 4073.000, 4231.800, 4386.800],
        [   0.000,    0.000,    0.000,    0.000,    0.000,    0.000,    0.000, 1794.464, 2052.973, 2332.025, 2618.950, 2891.527, 3136.550, 3354.563, 3551.649, 3733.776, 3905.700, 4070.100, 4229.200, 4384.500],
        [   0.000,    0.000,    0.000,    0.000,    0.000,    0.000,    0.000, 1793.737, 2051.194, 2328.682, 2614.110, 2886.016, 3131.207, 3349.707, 3547.383, 3730.006, 3902.400, 4067.200, 4226.600, 4382.200],
        [   0.000,    0.000,    0.000,    0.000,    0.000,    0.000,    0.000, 1793.034, 2049.468, 2325.439, 2609.400, 2880.614, 3125.940, 3344.898, 3543.153, 3726.261, 3899.100, 4064.200, 4224.000, 4379.900],
        [   0.000,    0.000,    0.000,    0.000,    0.000,    0.000,    0.000, 1792.353, 2047.791, 2322.290, 2604.816, 2875.323, 3120.751, 3340.137, 3538.959, 3722.544, 3895.800, 4061.400, 4221.400, 4377.600],
        [   0.000,    0.000,    0.000,    0.000,    0.000,    0.000,    0.000, 1791.694, 2046.162, 2319.233, 2600.354, 2870.141, 3115.638, 3335.422, 3534.801, 3718.853, 3892.500, 4058.500, 4218.900, 4375.300],
        [   0.000,    0.000,    0.000,    0.000,    0.000,    0.000,    0.000, 1791.057, 2044.579, 2316.263, 2596.011, 2865.071, 3110.603, 3330.756, 3530.680, 3715.189, 3889.300, 4055.600, 4216.300, 4373.000],
        [   0.000,    0.000,    0.000,    0.000,    0.000,    0.000,    0.000, 1785.700, 2031.100, 2290.700, 2558.100, 2819.800, 3064.000, 3287.000, 3491.000, 3680.100, 3858.100, 4027.800, 4191.600, 4351.000],
        [   0.000,    0.000,    0.000,    0.000,    0.000,    0.000,    0.000, 1781.900, 2020.700, 2271.000, 2528.500, 2782.900, 3024.400, 3248.400, 3455.200, 3647.600, 3828.900, 4001.800, 4168.300, 4330.100],
        [   0.000,    0.000,    0.000,    0.000,    0.000,    0.000,    0.000, 1779.300, 2012.700, 2255.700, 2505.000, 2752.800, 2990.800, 3214.500, 3422.900, 3617.800, 3801.900, 3977.400, 4146.400, 4310.500],
        [   0.000,    0.000,    0.000,    0.000,    0.000,    0.000,    0.000, 1777.700, 2006.600, 2243.500, 2486.000, 2727.900, 2962.400, 3184.900, 3394.000, 3590.800, 3777.000, 3954.700, 4125.900, 4292.000],
        [   0.000,    0.000,    0.000,    0.000,    0.000,    0.000,    0.000, 1777.000, 2002.000, 2233.900, 2470.500, 2707.300, 2938.300, 3159.200, 3368.400, 3566.200, 3754.100, 3933.700, 4106.800, 4274.700],
        [   0.000,    0.000,    0.000,    0.000,    0.000,    0.000,    0.000, 1777.000, 1998.700, 2226.200, 2457.900, 2690.100, 2917.700, 3136.900, 3345.700, 3544.200, 3733.300, 3914.400, 4089.100, 4258.500],
        [   0.000,    0.000,    0.000,    0.000,    0.000,    0.000,    0.000, 1777.500, 1996.300, 2220.100, 2447.600, 2675.700, 2900.200, 3117.400, 3325.600, 3524.300, 3714.300, 3896.700, 4072.700, 4243.500],
        [   0.000,    0.000,    0.000,    0.000,    0.000,    0.000,    0.000, 1778.600, 1994.800, 2215.300, 2439.100, 2663.600, 2885.200, 3100.600, 3307.900, 3506.600, 3697.100, 3880.400, 4057.600, 4229.600],
        [   0.000,    0.000,    0.000,    0.000,    0.000,    0.000,    0.000, 1780.200, 1994.100, 2211.700, 2432.200, 2653.400, 2872.300, 3085.900, 3292.300, 3490.800, 3681.600, 3865.600, 4043.700, 4216.700],
        [   0.000,    0.000,    0.000,    0.000,    0.000,    0.000,    0.000, 1782.200, 1994.000, 2209.000, 2426.600, 2644.900, 2861.300, 3073.100, 3278.500, 3476.600, 3667.700, 3852.200, 4031.000, 4204.900],
        [   0.000,    0.000,    0.000,    0.000,    0.000,    0.000,    0.000, 1784.500, 1994.400, 2207.200, 2422.100, 2637.800, 2851.900, 3062.000, 3266.300, 3464.000, 3655.100, 3840.000, 4019.400, 4194.100],
        [   0.000,    0.000,    0.000,    0.000,    0.000,    0.000,    0.000, 1787.200, 1995.300, 2206.000, 2418.600, 2631.800, 2843.800, 3052.300, 3255.600, 3452.800, 3643.800, 3829.000, 4008.900, 4184.200],
        [   0.000,    0.000,    0.000,    0.000,    0.000,    0.000,    0.000, 1790.100, 1996.700, 2205.500, 2415.900, 2627.000, 2837.000, 3043.900, 3246.200, 3442.900, 3633.700, 3819.000, 3999.300, 4175.100],
        [   0.000,    0.000,    0.000,    0.000,    0.000,    0.000,    0.000, 1793.300, 1998.400, 2205.500, 2414.000, 2623.000, 2831.200, 3036.600, 3237.900, 3434.000, 3624.700, 3810.100, 3990.700, 4166.900],
        [   0.000,    0.000,    0.000,    0.000,    0.000,    0.000,    0.000, 1796.700, 2000.500, 2206.000, 2412.700, 2619.900, 2826.300, 3030.400, 3230.700, 3426.200, 3616.600, 3802.100, 3982.900, 4159.500],
        [   0.000,    0.000,    0.000,    0.000,    0.000,    0.000,    0.000, 1800.300, 2002.900, 2206.900, 2412.000, 2617.500, 2822.300, 3025.000, 3224.400, 3419.300, 3609.500, 3794.900, 3975.800, 4152.800],
        [   0.000,    0.000,    0.000,    0.000,    0.000,    0.000,    0.000, 1804.100, 2005.600, 2208.300, 2411.900, 2615.800, 2819.100, 3020.500, 3218.900, 3413.200, 3603.100, 3788.500, 3969.500, 4146.800],
        [   0.000,    0.000,    0.000,    0.000,    0.000,    0.000,    0.000, 1808.100, 2008.500, 2209.900, 2412.100, 2614.600, 2816.500, 3016.700, 3214.200, 3407.900, 3597.500, 3782.800, 3963.900, 4141.300],
        [   0.000,    0.000,    0.000,    0.000,    0.000,    0.000,    0.000, 1812.300, 2011.700, 2211.900, 2412.900, 2614.000, 2814.500, 3013.600, 3210.200, 3403.300, 3592.500, 3777.700, 3958.900, 4136.500],
        [   0.000,    0.000,    0.000,    0.000,    0.000,    0.000,    0.000, 1816.600, 2015.000, 2214.200, 2414.000, 2613.800, 2813.100, 3011.100, 3206.800, 3399.300, 3588.200, 3773.200, 3954.500, 4132.300],
        [   0.000,    0.000,    0.000,    0.000,    0.000,    0.000,    0.000, 1821.000, 2018.600, 2216.800, 2415.400, 2614.100, 2812.200, 3009.200, 3204.000, 3395.900, 3584.500, 3769.300, 3950.600, 4128.500],
        [   0.000,    0.000,    0.000,    0.000,    0.000,    0.000,    0.000, 1825.600, 2022.300, 2219.600, 2417.200, 2614.700, 2811.800, 3007.700, 3201.700, 3393.100, 3581.200, 3766.000, 3947.200, 4125.200],
        [   0.000,    0.000,    0.000,    0.000,    0.000,    0.000,    0.000, 1830.300, 2026.200, 2222.600, 2419.200, 2615.700, 2811.800, 3006.700, 3200.000, 3390.700, 3578.500, 3763.100, 3944.300, 4122.400],
        [   0.000,    0.000,    0.000,    0.000,    0.000,    0.000,    0.000, 1835.100, 2030.300, 2225.800, 2421.500, 2617.100, 2812.100, 3006.200, 3198.700, 3388.800, 3576.300, 3760.600, 3941.800, 4119.900],
        [   0.000,    0.000,    0.000,    0.000,    0.000,    0.000,    0.000, 1840.000, 2034.500, 2229.200, 2424.100, 2618.700, 2812.900, 3006.100, 3197.800, 3387.400, 3574.400, 3758.600, 3939.700, 4117.900],
        [   0.000,    0.000,    0.000,    0.000,    0.000,    0.000,    0.000, 1845.000, 2038.800, 2232.800, 2426.800, 2620.600, 2813.900, 3006.300, 3197.300, 3386.300, 3573.000, 3756.900, 3937.900, 4116.200],
        [   0.000,    0.000,    0.000,    0.000,    0.000,    0.000,    0.000, 1850.100, 2043.300, 2236.600, 2429.800, 2622.800, 2815.300, 3006.900, 3197.200, 3385.700, 3571.900, 3755.600, 3936.600, 4114.800],
        [   0.000,    0.000,    0.000,    0.000,    0.000,    0.000,    0.000, 1855.200, 2047.800, 2240.500, 2433.000, 2625.200, 2816.900, 3007.700, 3197.400, 3385.300, 3571.200, 3754.700, 3935.500, 4113.800],
        [   0.000,    0.000,    0.000,    0.000,    0.000,    0.000,    0.000, 1860.500, 2052.500, 2244.500, 2436.400, 2627.900, 2818.800, 3008.900, 3197.900, 3385.400, 3570.800, 3754.000, 3934.800, 4113.000],
        [   0.000,    0.000,    0.000,    0.000,    0.000,    0.000,    0.000, 1865.800, 2057.300, 2248.700, 2439.900, 2630.700, 2820.900, 3010.400, 3198.800, 3385.700, 3570.800, 3753.700, 3934.300, 4112.600],
        [   0.000,    0.000,    0.000,    0.000,    0.000,    0.000,    0.000, 1871.200, 2062.100, 2253.000, 2443.600, 2633.700, 2823.300, 3012.100, 3199.900, 3386.300, 3571.000, 3753.700, 3934.200, 4112.400],
        [   0.000,    0.000,    0.000,    0.000,    0.000,    0.000,    0.000, 1876.600, 2067.100, 2257.400, 2447.400, 2636.900, 2825.900, 3014.100, 3201.300, 3387.200, 3571.500, 3753.900, 3934.300, 4112.400],
        [   0.000,    0.000,    0.000,    0.000,    0.000,    0.000,    0.000, 1882.100, 2072.100, 2261.900, 2451.400, 2640.300, 2828.700, 3016.300, 3202.900, 3388.300, 3572.300, 3754.400, 3934.600, 4112.700],
        [   0.000,    0.000,    0.000,    0.000,    0.000,    0.000,    0.000, 1887.700, 2077.200, 2266.500, 2455.400, 2643.800, 2831.600, 3018.600, 3204.800, 3389.700, 3573.300, 3755.200, 3935.200, 4113.200],
        [   0.000,    0.000,    0.000,    0.000,    0.000,    0.000,    0.000, 1893.300, 2082.400, 2271.300, 2459.700, 2647.500, 2834.800, 3021.200, 3206.800, 3391.400, 3574.500, 3756.200, 3936.000, 4114.000],
        [   0.000,    0.000,    0.000,    0.000,    0.000,    0.000,    0.000, 1899.000, 2087.700, 2276.100, 2464.000, 2651.300, 2838.000, 3024.000, 3209.100, 3393.200, 3576.000, 3757.400, 3937.000, 4114.900],
        [   0.000,    0.000,    0.000,    0.000,    0.000,    0.000,    0.000, 1904.700, 2093.000, 2280.900, 2468.400, 2655.300, 2841.500, 3027.000, 3211.600, 3395.300, 3577.700, 3758.800, 3938.300, 4116.100],
        [   0.000,    0.000,    0.000,    0.000,    0.000,    0.000,    0.000, 1910.500, 2098.400, 2285.900, 2472.900, 2659.300, 2845.100, 3030.100, 3214.300, 3397.500, 3579.600, 3760.400, 3939.700, 4117.400],
        [   0.000,    0.000,    0.000,    0.000,    0.000,    0.000,    0.000, 1916.300, 2103.800, 2290.900, 2477.500, 2663.500, 2848.800, 3033.400, 3217.100, 3399.900, 3581.700, 3762.200, 3941.300, 4118.900],
        [   0.000,    0.000,    0.000,    0.000,    0.000,    0.000,    0.000, 1922.100, 2109.300, 2296.100, 2482.300, 2667.800, 2852.700, 3036.800, 3220.100, 3402.500, 3584.000, 3764.200, 3943.100, 4120.600],
        [   0.000,    0.000,    0.000,    0.000,    0.000,    0.000,    0.000, 1928.000, 2114.900, 2301.200, 2487.000, 2672.200, 2856.600, 3040.300, 3223.300, 3405.300, 3586.400, 3766.400, 3945.100, 4122.500],
        [   0.000,    0.000,    0.000,    0.000,    0.000,    0.000,    0.000, 1934.000, 2120.500, 2306.500, 2491.900, 2676.700, 2860.700, 3044.000, 3226.600, 3408.200, 3589.000, 3768.700, 3947.300, 4124.500],
        [   0.000,    0.000,    0.000,    0.000,    0.000,    0.000,    0.000, 1939.900, 2126.100, 2311.800, 2496.900, 2681.300, 2864.900, 3047.800, 3230.000, 3411.300, 3591.800, 3771.200, 3949.600, 4126.600],
        [   0.000,    0.000,    0.000,    0.000,    0.000,    0.000,    0.000, 1945.900, 2131.800, 2317.100, 2501.900, 2685.900, 2869.200, 3051.800, 3233.600, 3414.600, 3594.700, 3773.900, 3952.000, 4129.000],
        [   0.000,    0.000,    0.000,    0.000,    0.000,    0.000,    0.000, 1951.900, 2137.500, 2322.600, 2507.000, 2690.700, 2873.600, 3055.800, 3237.300, 3417.900, 3597.800, 3776.700, 3954.600, 4131.400],
        [   0.000,    0.000,    0.000,    0.000,    0.000,    0.000,    0.000, 1958.000, 2143.300, 2328.000, 2512.100, 2695.500, 2878.100, 3060.000, 3241.100, 3421.400, 3601.000, 3779.600, 3957.400, 4134.000],
        [   0.000,    0.000,    0.000,    0.000,    0.000,    0.000,    0.000, 1964.100, 2149.100, 2333.500, 2517.300, 2700.400, 2882.700, 3064.200, 3245.000, 3425.000, 3604.300, 3782.700, 3960.200, 4136.800],
        [   0.000,    0.000,    0.000,    0.000,    0.000,    0.000,    0.000, 1970.200, 2154.900, 2339.100, 2522.600, 2705.300, 2887.300, 3068.600, 3249.000, 3428.800, 3607.700, 3785.900, 3963.300, 4139.600],
        [   0.000,    0.000,    0.000,    0.000,    0.000,    0.000,    0.000, 1976.300, 2160.800, 2344.700, 2527.900, 2710.400, 2892.100, 3073.000, 3253.200, 3432.600, 3611.300, 3789.300, 3966.400, 4142.600],
        [   0.000,    0.000,    0.000,    0.000,    0.000,    0.000,    0.000, 1982.500, 2166.700, 2350.400, 2533.300, 2715.500, 2896.900, 3077.500, 3257.400, 3436.600, 3615.000, 3792.700, 3969.700, 4145.700],
        [   0.000,    0.000,    0.000,    0.000,    0.000,    0.000,    0.000, 1988.700, 2172.700, 2356.000, 2538.700, 2720.600, 2901.700, 3082.100, 3261.700, 3440.600, 3618.800, 3796.300, 3973.000, 4148.900],
        [   0.000,    0.000,    0.000,    0.000,    0.000,    0.000,    0.000, 1994.900, 2178.600, 2361.800, 2544.200, 2725.800, 2906.700, 3086.800, 3266.100, 3444.800, 3622.700, 3800.000, 3976.500, 4152.300],
        [   0.000,    0.000,    0.000,    0.000,    0.000,    0.000,    0.000, 2001.100, 2184.600, 2367.500, 2549.700, 2731.100, 2911.700, 3091.500, 3270.600, 3449.000, 3626.700, 3803.800, 3980.100, 4155.700],
        [   0.000,    0.000,    0.000,    0.000,    0.000,    0.000,    0.000, 2007.400, 2190.700, 2373.300, 2555.300, 2736.400, 2916.800, 3096.300, 3275.200, 3453.300, 3630.800, 3807.600, 3983.800, 4159.300],
        [   0.000,    0.000,    0.000,    0.000,    0.000,    0.000,    0.000, 2013.700, 2196.700, 2379.200, 2560.900, 2741.800, 2921.900, 3101.200, 3279.800, 3457.800, 3635.000, 3811.600, 3987.600, 4162.900],
        [   0.000,    0.000,    0.000,    0.000,    0.000,    0.000,    0.000, 2019.900, 2202.800, 2385.000, 2566.500, 2747.200, 2927.100, 3106.200, 3284.600, 3462.200, 3639.300, 3815.700, 3991.500, 4166.600],
        [   0.000,    0.000,    0.000,    0.000,    0.000,    0.000,    0.000, 2026.300, 2208.900, 2390.900, 2572.200, 2752.600, 2932.300, 3111.200, 3289.400, 3466.800, 3643.600, 3819.900, 3995.500, 4170.500],
        [   0.000,    0.000,    0.000,    0.000,    0.000,    0.000,    0.000, 2032.600, 2215.000, 2396.800, 2577.900, 2758.100, 2937.600, 3116.300, 3294.200, 3471.500, 3648.100, 3824.100, 3999.600, 4174.400],
        [   0.000,    0.000,    0.000,    0.000,    0.000,    0.000,    0.000, 2038.900, 2221.200, 2402.800, 2583.600, 2763.700, 2942.900, 3121.400, 3299.100, 3476.200, 3652.600, 3828.400, 4003.700, 4178.400],
        [   0.000,    0.000,    0.000,    0.000,    0.000,    0.000,    0.000, 2045.300, 2227.400, 2408.800, 2589.400, 2769.300, 2948.300, 3126.600, 3304.100, 3481.000, 3657.200, 3832.900, 4008.000, 4182.500],
        [   0.000,    0.000,    0.000,    0.000,    0.000,    0.000,    0.000, 2051.700, 2233.600, 2414.800, 2595.200, 2774.900, 2953.800, 3131.800, 3309.200, 3485.800, 3661.900, 3837.300, 4012.300, 4186.700],
        [   0.000,    0.000,    0.000,    0.000,    0.000,    0.000,    0.000, 2058.000, 2239.800, 2420.800, 2601.100, 2780.600, 2959.200, 3137.100, 3314.300, 3490.700, 3666.600, 3841.900, 4016.700, 4191.000],
        [   0.000,    0.000,    0.000,    0.000,    0.000,    0.000,    0.000, 2064.400, 2246.000, 2426.900, 2607.000, 2786.300, 2964.700, 3142.400, 3319.400, 3495.700, 3671.400, 3846.500, 4021.200, 4195.300],
        [   0.000,    0.000,    0.000,    0.000,    0.000,    0.000,    0.000, 2070.900, 2252.300, 2432.900, 2612.900, 2792.000, 2970.300, 3147.800, 3324.600, 3500.700, 3676.300, 3851.200, 4025.700, 4199.700],
        [   0.000,    0.000,    0.000,    0.000,    0.000,    0.000,    0.000, 2077.300, 2258.500, 2439.000, 2618.800, 2797.700, 2975.900, 3153.200, 3329.900, 3505.800, 3681.200, 3856.000, 4030.300, 4204.200],
        [   0.000,    0.000,    0.000,    0.000,    0.000,    0.000,    0.000, 2083.700, 2264.800, 2445.200, 2624.800, 2803.500, 2981.500, 3158.700, 3335.200, 3511.000, 3686.200, 3860.800, 4035.000, 4208.700],
        [   0.000,    0.000,    0.000,    0.000,    0.000,    0.000,    0.000, 2090.200, 2271.100, 2451.300, 2630.700, 2809.400, 2987.200, 3164.200, 3340.500, 3516.100, 3691.200, 3865.700, 4039.800, 4213.400],
        [   0.000,    0.000,    0.000,    0.000,    0.000,    0.000,    0.000, 2096.600, 2277.400, 2457.500, 2636.700, 2815.200, 2992.900, 3169.700, 3345.900, 3521.400, 3696.300, 3870.700, 4044.600, 4218.000],
        [   0.000,    0.000,    0.000,    0.000,    0.000,    0.000,    0.000, 2103.100, 2283.700, 2463.600, 2642.800, 2821.100, 2998.600, 3175.300, 3351.300, 3526.700, 3701.400, 3875.700, 4049.400, 4222.800],
        [   0.000,    0.000,    0.000,    0.000,    0.000,    0.000,    0.000, 2109.600, 2290.100, 2469.800, 2648.800, 2827.000, 3004.300, 3180.900, 3356.800, 3532.000, 3706.600, 3880.700, 4054.400, 4227.600],
        [   0.000,    0.000,    0.000,    0.000,    0.000,    0.000,    0.000, 2116.100, 2296.400, 2476.100, 2654.900, 2832.900, 3010.100, 3186.600, 3362.300, 3537.400, 3711.800, 3885.800, 4059.300, 4232.400],
        [   0.000,    0.000,    0.000,    0.000,    0.000,    0.000,    0.000, 2122.600, 2302.800, 2482.300, 2661.000, 2838.900, 3015.900, 3192.300, 3367.800, 3542.800, 3717.100, 3891.000, 4064.400, 4237.400],
        [   0.000,    0.000,    0.000,    0.000,    0.000,    0.000,    0.000, 2129.100, 2309.200, 2488.500, 2667.100, 2844.800, 3021.800, 3198.000, 3373.400, 3548.200, 3722.500, 3896.200, 4069.400, 4242.300],
        [   0.000,    0.000,    0.000,    0.000,    0.000,    0.000,    0.000, 2135.600, 2315.600, 2494.800, 2673.200, 2850.800, 3027.700, 3203.700, 3379.000, 3553.700, 3727.800, 3901.400, 4074.600, 4247.400],
        [   0.000,    0.000,    0.000,    0.000,    0.000,    0.000,    0.000, 2142.200, 2322.000, 2501.100, 2679.400, 2856.900, 3033.500, 3209.500, 3384.700, 3559.200, 3733.200, 3906.700, 4079.800, 4252.400],
        [   0.000,    0.000,    0.000,    0.000,    0.000,    0.000,    0.000, 2148.700, 2328.400, 2507.400, 2685.500, 2862.900, 3039.500, 3215.300, 3390.400, 3564.800, 3738.700, 3912.000, 4085.000, 4257.500],
        [   0.000,    0.000,    0.000,    0.000,    0.000,    0.000,    0.000, 2155.200, 2334.800, 2513.700, 2691.700, 2869.000, 3045.400, 3221.100, 3396.100, 3570.400, 3744.200, 3917.400, 4090.300, 4262.700],
        [   0.000,    0.000,    0.000,    0.000,    0.000,    0.000,    0.000, 2161.800, 2341.300, 2520.000, 2697.900, 2875.000, 3051.400, 3226.900, 3401.800, 3576.000, 3749.700, 3922.800, 4095.600, 4267.900],
        [   0.000,    0.000,    0.000,    0.000,    0.000,    0.000,    0.000, 2168.300, 2347.700, 2526.300, 2704.100, 2881.100, 3057.400, 3232.800, 3407.600, 3581.700, 3755.200, 3928.300, 4100.900, 4273.200],
        [   0.000,    0.000,    0.000,    0.000,    0.000,    0.000,    0.000, 2174.900, 2354.200, 2532.600, 2710.400, 2887.300, 3063.400, 3238.700, 3413.400, 3587.400, 3760.800, 3933.800, 4106.300, 4278.500],
        [   0.000,    0.000,    0.000,    0.000,    0.000,    0.000,    0.000, 2181.500, 2360.600, 2539.000, 2716.600, 2893.400, 3069.400, 3244.600, 3419.200, 3593.100, 3766.500, 3939.300, 4111.700, 4283.800],
        [   0.000,    0.000,    0.000,    0.000,    0.000,    0.000,    0.000, 2188.100, 2367.100, 2545.400, 2722.900, 2899.500, 3075.400, 3250.600, 3425.000, 3598.900, 3772.100, 3944.900, 4117.200, 4289.200],
        [   0.000,    0.000,    0.000,    0.000,    0.000,    0.000,    0.000, 2194.600, 2373.600, 2551.700, 2729.100, 2905.700, 3081.500, 3256.600, 3430.900, 3604.600, 3777.800, 3950.500, 4122.700, 4294.600],
        [   0.000,    0.000,    0.000,    0.000,    0.000,    0.000,    0.000, 2201.200, 2380.100, 2558.100, 2735.400, 2911.900, 3087.600, 3262.500, 3436.800, 3610.400, 3783.500, 3956.100, 4128.300, 4300.100],
        [   0.000,    0.000,    0.000,    0.000,    0.000,    0.000,    0.000, 2207.800, 2386.600, 2564.500, 2741.700, 2918.100, 3093.700, 3268.600, 3442.700, 3616.300, 3789.300, 3961.700, 4133.800, 4305.600],
        [   0.000,    0.000,    0.000,    0.000,    0.000,    0.000,    0.000, 2214.400, 2393.100, 2570.900, 2748.000, 2924.300, 3099.800, 3274.600, 3448.700, 3622.100, 3795.000, 3967.400, 4139.400, 4311.100],
        [   0.000,    0.000,    0.000,    0.000,    0.000,    0.000,    0.000, 2221.000, 2399.600, 2577.300, 2754.300, 2930.500, 3106.000, 3280.600, 3454.600, 3628.000, 3800.800, 3973.200, 4145.100, 4316.700],
        [   0.000,    0.000,    0.000,    0.000,    0.000,    0.000,    0.000, 2227.600, 2406.100, 2583.800, 2760.700, 2936.800, 3112.100, 3286.700, 3460.600, 3633.900, 3806.600, 3978.900, 4150.700, 4322.300],
        [   0.000,    0.000,    0.000,    0.000,    0.000,    0.000,    0.000, 2234.300, 2412.600, 2590.200, 2767.000, 2943.000, 3118.300, 3292.800, 3466.600, 3639.800, 3812.500, 3984.700, 4156.400, 4327.900],
        [   0.000,    0.000,    0.000,    0.000,    0.000,    0.000,    0.000, 2240.900, 2419.100, 2596.600, 2773.400, 2949.300, 3124.500, 3298.900, 3472.600, 3645.800, 3818.400, 3990.500, 4162.200, 4333.500],
    ]
