    static let TEMPERATURE: [Double] = [
        10.0,
        50.0,
        100.0,
        150.0,
        200.0,
        250.0,
        300.0,
        350.0,
        400.0,
        450.0,
        500.0,
        550.0,
        600.0,
        650.0,
        700.0,
    ]

    static let PRESSURE: [Double] = [
        1.0,
        5.0,
        10.0,
        15.0,
        20.0,
        25.0,
        30.0,
        35.0,
        40.0,
        45.0,
        50.0,
        55.0,
        60.0,
        65.0,
        70.0,
        75.0,
        80.0,
        85.0,
        90.0,
        95.0,
        100.0,
        110.0,
        120.0,
        130.0,
        140.0,
        150.0,
        160.0,
        170.0,
        180.0,
        190.0,
        200.0,
        210.0,
        220.0,
        230.0,
        240.0,
        250.0,
        260.0,
        270.0,
        280.0,
        290.0,
        300.0,
        310.0,
        320.0,
        330.0,
        340.0,
        350.0,
        360.0,
        370.0,
        380.0,
        390.0,
        400.0,
        410.0,
        420.0,
        430.0,
        440.0,
        450.0,
        460.0,
        470.0,
        480.0,
        490.0,
        500.0,
        510.0,
        520.0,
        530.0,
        540.0,
        550.0,
        560.0,
        570.0,
        580.0,
        590.0,
        600.0,
        610.0,
        620.0,
        630.0,
        640.0,
        650.0,
        660.0,
        670.0,
        680.0,
        690.0,
        700.0,
        710.0,
        720.0,
        730.0,
        740.0,
        750.0,
        760.0,
        770.0,
        780.0,
        790.0,
        800.0,
        810.0,
        820.0,
        830.0,
        840.0,
        850.0,
        860.0,
        870.0,
        880.0,
        890.0,
        900.0,
        910.0,
        920.0,
        930.0,
        940.0,
        950.0,
        960.0,
        970.0,
        980.0,
        990.0,
        1000.0,
        1100.0,
        1200.0,
        1300.0,
        1400.0,
        1500.0,
        1600.0,
        1700.0,
        1800.0,
        1900.0,
        2000.0,
        2100.0,
        2200.0,
        2300.0,
        2400.0,
        2500.0,
        2600.0,
        2700.0,
        2800.0,
        2900.0,
        3000.0,
        3100.0,
        3200.0,
        3300.0,
        3400.0,
        3500.0,
        3600.0,
        3700.0,
        3800.0,
        3900.0,
        4000.0,
        4100.0,
        4200.0,
        4300.0,
        4400.0,
        4500.0,
        4600.0,
        4700.0,
        4800.0,
        4900.0,
        5000.0,
        5100.0,
        5200.0,
        5300.0,
        5400.0,
        5500.0,
        5600.0,
        5700.0,
        5800.0,
        5900.0,
        6000.0,
        6100.0,
        6200.0,
        6300.0,
        6400.0,
        6500.0,
        6600.0,
        6700.0,
        6800.0,
        6900.0,
        7000.0,
        7100.0,
        7200.0,
        7300.0,
        7400.0,
        7500.0,
        7600.0,
        7700.0,
        7800.0,
        7900.0,
        8000.0,
        8100.0,
        8200.0,
        8300.0,
        8400.0,
        8500.0,
        8600.0,
        8700.0,
        8800.0,
        8900.0,
        9000.0,
        9100.0,
        9200.0,
        9300.0,
        9400.0,
        9500.0,
        9600.0,
        9700.0,
        9800.0,
        9900.0,
        10000.0,
        11000.0,
        12000.0,
        13000.0,
        14000.0,
        15000.0,
        16000.0,
        17000.0,
        18000.0,
        19000.0,
        20000.0,
        21000.0,
        22000.0,
        23000.0,
        24000.0,
        25000.0,
        26000.0,
        27000.0,
        28000.0,
        29000.0,
        30000.0,
        31000.0,
        32000.0,
        33000.0,
        34000.0,
        35000.0,
        36000.0,
        37000.0,
        38000.0,
        39000.0,
        40000.0,
        41000.0,
        42000.0,
        43000.0,
        44000.0,
        45000.0,
        46000.0,
        47000.0,
        48000.0,
        49000.0,
        50000.0,
        51000.0,
        52000.0,
        53000.0,
        54000.0,
        55000.0,
        56000.0,
        57000.0,
        58000.0,
        59000.0,
        60000.0,
        61000.0,
        62000.0,
        63000.0,
        64000.0,
        65000.0,
        66000.0,
        67000.0,
        68000.0,
        69000.0,
        70000.0,
        71000.0,
        72000.0,
        73000.0,
        74000.0,
        75000.0,
        76000.0,
        77000.0,
        78000.0,
        79000.0,
        80000.0,
        81000.0,
        82000.0,
        83000.0,
        84000.0,
        85000.0,
        86000.0,
        87000.0,
        88000.0,
        89000.0,
        90000.0,
        91000.0,
        92000.0,
        93000.0,
        94000.0,
        95000.0,
        96000.0,
        97000.0,
        98000.0,
        99000.0,
        100000.0,
    ]

    static let SPECIFIC_VOLUME: [[Double]] = [
        [130.590, 149.096, 172.193, 195.279, 218.360, 241.439, 264.517, 287.595, 310.672, 333.749, 356.826, 379.903, 402.980, 426.056, 449.133],
        [  0.000,  29.782,  34.419,  39.043,  43.663,  48.281,  52.898,  57.515,  62.131,  66.747,  71.363,  75.979,  80.594,  85.210,  89.826],
        [  0.000,  14.867,  17.197,  19.514,  21.826,  24.136,  26.446,  28.755,  31.064,  33.372,  35.680,  37.988,  40.296,  42.604,  44.912],
        [  0.000,   0.000,  11.456,  13.004,  14.547,  16.088,  17.629,  19.168,  20.708,  22.247,  23.786,  25.325,  26.864,  28.402,  29.941],
        [  0.000,   0.000,   8.586,   9.749,  10.907,  12.064,  13.220,  14.375,  15.530,  16.684,  17.839,  18.993,  20.147,  21.301,  22.455],
        [  0.000,   0.000,   6.863,   7.796,   8.724,   9.650,  10.575,  11.499,  12.423,  13.347,  14.270,  15.194,  16.117,  17.041,  17.964],
        [  0.000,   0.000,   5.715,   6.494,   7.268,   8.040,   8.811,   9.582,  10.352,  11.122,  11.892,  12.661,  13.431,  14.200,  14.970],
        [  0.000,   0.000,   4.895,   5.564,   6.228,   6.890,   7.551,   8.212,   8.872,   9.532,  10.192,  10.852,  11.512,  12.172,  12.831],
        [  0.000,   0.000,   4.280,   4.866,   5.448,   6.028,   6.607,   7.185,   7.763,   8.341,   8.918,   9.495,  10.073,  10.650,  11.227],
        [  0.000,   0.000,   3.802,   4.324,   4.842,   5.357,   5.872,   6.386,   6.900,   7.413,   7.927,   8.440,   8.953,   9.466,   9.979],
        [  0.000,   0.000,   3.419,   3.890,   4.356,   4.821,   5.284,   5.747,   6.209,   6.672,   7.134,   7.596,   8.058,   8.520,   8.981],
        [  0.000,   0.000,   3.106,   3.535,   3.959,   4.382,   4.803,   5.224,   5.645,   6.065,   6.485,   6.905,   7.325,   7.745,   8.165],
        [  0.000,   0.000,   2.845,   3.239,   3.628,   4.016,   4.402,   4.788,   5.174,   5.559,   5.944,   6.330,   6.714,   7.099,   7.484],
        [  0.000,   0.000,   2.624,   2.988,   3.348,   3.706,   4.063,   4.420,   4.776,   5.131,   5.487,   5.842,   6.198,   6.553,   6.908],
        [  0.000,   0.000,   2.434,   2.774,   3.108,   3.441,   3.773,   4.104,   4.434,   4.765,   5.095,   5.425,   5.755,   6.085,   6.415],
        [  0.000,   0.000,   2.270,   2.588,   2.900,   3.211,   3.521,   3.830,   4.138,   4.447,   4.755,   5.063,   5.371,   5.679,   5.987],
        [  0.000,   0.000,   2.127,   2.425,   2.718,   3.010,   3.300,   3.590,   3.879,   4.169,   4.458,   4.747,   5.035,   5.324,   5.613],
        [  0.000,   0.000,   2.000,   2.281,   2.558,   2.832,   3.106,   3.379,   3.651,   3.923,   4.195,   4.467,   4.739,   5.011,   5.283],
        [  0.000,   0.000,   1.887,   2.154,   2.415,   2.674,   2.933,   3.191,   3.448,   3.705,   3.962,   4.219,   4.476,   4.732,   4.989],
        [  0.000,   0.000,   1.787,   2.040,   2.287,   2.533,   2.778,   3.022,   3.266,   3.510,   3.753,   3.997,   4.240,   4.483,   4.726],
        [  0.000,   0.000,   1.696,   1.937,   2.172,   2.406,   2.639,   2.871,   3.103,   3.334,   3.566,   3.797,   4.028,   4.259,   4.490],
        [  0.000,   0.000,   0.000,   1.759,   1.974,   2.187,   2.398,   2.610,   2.820,   3.031,   3.241,   3.451,   3.662,   3.872,   4.082],
        [  0.000,   0.000,   0.000,   1.611,   1.809,   2.004,   2.198,   2.392,   2.585,   2.778,   2.971,   3.164,   3.356,   3.549,   3.741],
        [  0.000,   0.000,   0.000,   1.486,   1.669,   1.849,   2.028,   2.207,   2.386,   2.564,   2.742,   2.920,   3.098,   3.276,   3.454],
        [  0.000,   0.000,   0.000,   1.379,   1.549,   1.716,   1.883,   2.049,   2.215,   2.381,   2.546,   2.711,   2.877,   3.042,   3.207],
        [  0.000,   0.000,   0.000,   1.286,   1.445,   1.601,   1.757,   1.912,   2.067,   2.222,   2.376,   2.530,   2.685,   2.839,   2.993],
        [  0.000,   0.000,   0.000,   1.204,   1.354,   1.501,   1.647,   1.792,   1.938,   2.083,   2.227,   2.372,   2.517,   2.661,   2.806],
        [  0.000,   0.000,   0.000,   1.132,   1.273,   1.412,   1.550,   1.687,   1.823,   1.960,   2.096,   2.232,   2.369,   2.505,   2.641],
        [  0.000,   0.000,   0.000,   1.068,   1.202,   1.333,   1.463,   1.593,   1.722,   1.851,   1.980,   2.108,   2.237,   2.365,   2.494],
        [  0.000,   0.000,   0.000,   1.011,   1.138,   1.262,   1.386,   1.509,   1.631,   1.753,   1.875,   1.997,   2.119,   2.241,   2.363],
        [  0.000,   0.000,   0.000,   0.960,   1.081,   1.199,   1.316,   1.433,   1.549,   1.665,   1.781,   1.897,   2.013,   2.129,   2.244],
        [  0.000,   0.000,   0.000,   0.913,   1.029,   1.141,   1.253,   1.364,   1.475,   1.586,   1.696,   1.807,   1.917,   2.027,   2.137],
        [  0.000,   0.000,   0.000,   0.871,   0.981,   1.089,   1.196,   1.302,   1.408,   1.514,   1.619,   1.725,   1.830,   1.935,   2.040],
        [  0.000,   0.000,   0.000,   0.832,   0.938,   1.041,   1.144,   1.245,   1.347,   1.448,   1.549,   1.650,   1.750,   1.851,   1.951],
        [  0.000,   0.000,   0.000,   0.797,   0.898,   0.998,   1.096,   1.193,   1.290,   1.387,   1.484,   1.581,   1.677,   1.774,   1.870],
        [  0.000,   0.000,   0.000,   0.764,   0.862,   0.957,   1.052,   1.145,   1.239,   1.332,   1.425,   1.517,   1.610,   1.703,   1.795],
        [  0.000,   0.000,   0.000,   0.734,   0.828,   0.920,   1.011,   1.101,   1.191,   1.280,   1.370,   1.459,   1.548,   1.637,   1.726],
        [  0.000,   0.000,   0.000,   0.706,   0.797,   0.886,   0.973,   1.060,   1.147,   1.233,   1.319,   1.405,   1.491,   1.576,   1.662],
        [  0.000,   0.000,   0.000,   0.681,   0.768,   0.854,   0.938,   1.022,   1.106,   1.189,   1.272,   1.355,   1.437,   1.520,   1.603],
        [  0.000,   0.000,   0.000,   0.657,   0.742,   0.824,   0.906,   0.987,   1.067,   1.148,   1.228,   1.308,   1.388,   1.468,   1.547],
        [  0.000,   0.000,   0.000,   0.634,   0.716,   0.796,   0.875,   0.954,   1.032,   1.109,   1.187,   1.264,   1.341,   1.419,   1.496],
        [  0.000,   0.000,   0.000,   0.613,   0.693,   0.770,   0.847,   0.923,   0.998,   1.073,   1.148,   1.223,   1.298,   1.373,   1.448],
        [  0.000,   0.000,   0.000,   0.593,   0.671,   0.746,   0.820,   0.894,   0.967,   1.040,   1.112,   1.185,   1.257,   1.330,   1.402],
        [  0.000,   0.000,   0.000,   0.575,   0.650,   0.723,   0.795,   0.866,   0.937,   1.008,   1.079,   1.149,   1.219,   1.290,   1.360],
        [  0.000,   0.000,   0.000,   0.557,   0.631,   0.702,   0.772,   0.841,   0.910,   0.978,   1.047,   1.115,   1.183,   1.252,   1.320],
        [  0.000,   0.000,   0.000,   0.541,   0.612,   0.681,   0.749,   0.817,   0.884,   0.950,   1.017,   1.083,   1.150,   1.216,   1.282],
        [  0.000,   0.000,   0.000,   0.525,   0.595,   0.662,   0.728,   0.794,   0.859,   0.924,   0.988,   1.053,   1.118,   1.182,   1.246],
        [  0.000,   0.000,   0.000,   0.511,   0.579,   0.644,   0.709,   0.772,   0.836,   0.899,   0.962,   1.025,   1.087,   1.150,   1.213],
        [  0.000,   0.000,   0.000,   0.497,   0.563,   0.627,   0.690,   0.752,   0.814,   0.875,   0.936,   0.998,   1.059,   1.120,   1.181],
        [  0.000,   0.000,   0.000,   0.483,   0.548,   0.611,   0.672,   0.732,   0.793,   0.852,   0.912,   0.972,   1.031,   1.091,   1.150],
        [  0.000,   0.000,   0.000,   0.471,   0.534,   0.595,   0.655,   0.714,   0.773,   0.831,   0.889,   0.948,   1.006,   1.064,   1.122],
        [  0.000,   0.000,   0.000,   0.459,   0.521,   0.580,   0.639,   0.696,   0.754,   0.811,   0.868,   0.924,   0.981,   1.038,   1.094],
        [  0.000,   0.000,   0.000,   0.448,   0.508,   0.566,   0.623,   0.680,   0.736,   0.791,   0.847,   0.902,   0.958,   1.013,   1.068],
        [  0.000,   0.000,   0.000,   0.437,   0.496,   0.553,   0.609,   0.664,   0.718,   0.773,   0.827,   0.881,   0.935,   0.989,   1.043],
        [  0.000,   0.000,   0.000,   0.426,   0.485,   0.540,   0.595,   0.649,   0.702,   0.755,   0.808,   0.861,   0.914,   0.967,   1.019],
        [  0.000,   0.000,   0.000,   0.416,   0.474,   0.528,   0.581,   0.634,   0.686,   0.738,   0.790,   0.842,   0.894,   0.945,   0.997],
        [  0.000,   0.000,   0.000,   0.407,   0.463,   0.516,   0.569,   0.620,   0.671,   0.722,   0.773,   0.824,   0.874,   0.925,   0.975],
        [  0.000,   0.000,   0.000,   0.398,   0.453,   0.505,   0.556,   0.607,   0.657,   0.707,   0.756,   0.806,   0.856,   0.905,   0.954],
        [  0.000,   0.000,   0.000,   0.000,   0.443,   0.495,   0.545,   0.594,   0.643,   0.692,   0.741,   0.789,   0.838,   0.886,   0.934],
        [  0.000,   0.000,   0.000,   0.000,   0.434,   0.484,   0.533,   0.582,   0.630,   0.678,   0.726,   0.773,   0.821,   0.868,   0.915],
        [  0.000,   0.000,   0.000,   0.000,   0.425,   0.474,   0.523,   0.570,   0.617,   0.664,   0.711,   0.758,   0.804,   0.851,   0.897],
        [  0.000,   0.000,   0.000,   0.000,   0.416,   0.465,   0.512,   0.559,   0.605,   0.651,   0.697,   0.743,   0.788,   0.834,   0.879],
        [  0.000,   0.000,   0.000,   0.000,   0.408,   0.456,   0.502,   0.548,   0.593,   0.639,   0.683,   0.728,   0.773,   0.818,   0.862],
        [  0.000,   0.000,   0.000,   0.000,   0.400,   0.447,   0.493,   0.538,   0.582,   0.626,   0.671,   0.715,   0.758,   0.802,   0.846],
        [  0.000,   0.000,   0.000,   0.000,   0.393,   0.439,   0.483,   0.528,   0.571,   0.615,   0.658,   0.701,   0.744,   0.787,   0.830],
        [  0.000,   0.000,   0.000,   0.000,   0.385,   0.431,   0.474,   0.518,   0.561,   0.604,   0.646,   0.688,   0.731,   0.773,   0.815],
        [  0.000,   0.000,   0.000,   0.000,   0.378,   0.423,   0.466,   0.509,   0.551,   0.593,   0.634,   0.676,   0.718,   0.759,   0.801],
        [  0.000,   0.000,   0.000,   0.000,   0.371,   0.415,   0.458,   0.499,   0.541,   0.582,   0.623,   0.664,   0.705,   0.746,   0.787],
        [  0.000,   0.000,   0.000,   0.000,   0.365,   0.408,   0.450,   0.491,   0.532,   0.572,   0.613,   0.653,   0.693,   0.733,   0.773],
        [  0.000,   0.000,   0.000,   0.000,   0.358,   0.401,   0.442,   0.482,   0.523,   0.562,   0.602,   0.642,   0.681,   0.721,   0.760],
        [  0.000,   0.000,   0.000,   0.000,   0.352,   0.394,   0.434,   0.474,   0.514,   0.553,   0.592,   0.631,   0.670,   0.709,   0.747],
        [  0.000,   0.000,   0.000,   0.000,   0.346,   0.387,   0.427,   0.466,   0.505,   0.544,   0.582,   0.621,   0.659,   0.697,   0.735],
        [  0.000,   0.000,   0.000,   0.000,   0.340,   0.381,   0.420,   0.459,   0.497,   0.535,   0.573,   0.611,   0.648,   0.686,   0.723],
        [  0.000,   0.000,   0.000,   0.000,   0.335,   0.375,   0.413,   0.451,   0.489,   0.526,   0.564,   0.601,   0.638,   0.675,   0.712],
        [  0.000,   0.000,   0.000,   0.000,   0.329,   0.369,   0.407,   0.444,   0.481,   0.518,   0.555,   0.591,   0.628,   0.664,   0.700],
        [  0.000,   0.000,   0.000,   0.000,   0.324,   0.363,   0.400,   0.437,   0.474,   0.510,   0.546,   0.582,   0.618,   0.654,   0.690],
        [  0.000,   0.000,   0.000,   0.000,   0.319,   0.357,   0.394,   0.431,   0.467,   0.502,   0.538,   0.573,   0.609,   0.644,   0.679],
        [  0.000,   0.000,   0.000,   0.000,   0.314,   0.352,   0.388,   0.424,   0.460,   0.495,   0.530,   0.565,   0.600,   0.634,   0.669],
        [  0.000,   0.000,   0.000,   0.000,   0.309,   0.347,   0.383,   0.418,   0.453,   0.488,   0.522,   0.556,   0.591,   0.625,   0.659],
        [  0.000,   0.000,   0.000,   0.000,   0.305,   0.341,   0.377,   0.412,   0.446,   0.480,   0.514,   0.548,   0.582,   0.616,   0.650],
        [  0.000,   0.000,   0.000,   0.000,   0.300,   0.336,   0.371,   0.406,   0.440,   0.473,   0.507,   0.540,   0.574,   0.607,   0.640],
        [  0.000,   0.000,   0.000,   0.000,   0.296,   0.332,   0.366,   0.400,   0.434,   0.467,   0.500,   0.533,   0.566,   0.599,   0.631],
        [  0.000,   0.000,   0.000,   0.000,   0.291,   0.327,   0.361,   0.394,   0.427,   0.460,   0.493,   0.525,   0.558,   0.590,   0.622],
        [  0.000,   0.000,   0.000,   0.000,   0.287,   0.322,   0.356,   0.389,   0.422,   0.454,   0.486,   0.518,   0.550,   0.582,   0.614],
        [  0.000,   0.000,   0.000,   0.000,   0.283,   0.318,   0.351,   0.384,   0.416,   0.448,   0.479,   0.511,   0.543,   0.574,   0.606],
        [  0.000,   0.000,   0.000,   0.000,   0.279,   0.313,   0.346,   0.378,   0.410,   0.442,   0.473,   0.504,   0.535,   0.567,   0.598],
        [  0.000,   0.000,   0.000,   0.000,   0.275,   0.309,   0.342,   0.373,   0.405,   0.436,   0.467,   0.498,   0.528,   0.559,   0.590],
        [  0.000,   0.000,   0.000,   0.000,   0.272,   0.305,   0.337,   0.368,   0.399,   0.430,   0.461,   0.491,   0.521,   0.552,   0.582],
        [  0.000,   0.000,   0.000,   0.000,   0.268,   0.301,   0.333,   0.364,   0.394,   0.425,   0.455,   0.485,   0.515,   0.545,   0.575],
        [  0.000,   0.000,   0.000,   0.000,   0.264,   0.297,   0.328,   0.359,   0.389,   0.419,   0.449,   0.479,   0.508,   0.538,   0.567],
        [  0.000,   0.000,   0.000,   0.000,   0.261,   0.293,   0.324,   0.354,   0.384,   0.414,   0.443,   0.473,   0.502,   0.531,   0.560],
        [  0.000,   0.000,   0.000,   0.000,   0.257,   0.289,   0.320,   0.350,   0.379,   0.409,   0.438,   0.467,   0.496,   0.524,   0.553],
        [  0.000,   0.000,   0.000,   0.000,   0.254,   0.286,   0.316,   0.346,   0.375,   0.404,   0.432,   0.461,   0.490,   0.518,   0.546],
        [  0.000,   0.000,   0.000,   0.000,   0.251,   0.282,   0.312,   0.341,   0.370,   0.399,   0.427,   0.455,   0.484,   0.512,   0.540],
        [  0.000,   0.000,   0.000,   0.000,   0.248,   0.279,   0.308,   0.337,   0.366,   0.394,   0.422,   0.450,   0.478,   0.506,   0.533],
        [  0.000,   0.000,   0.000,   0.000,   0.245,   0.275,   0.305,   0.333,   0.361,   0.389,   0.417,   0.445,   0.472,   0.500,   0.527],
        [  0.000,   0.000,   0.000,   0.000,   0.242,   0.272,   0.301,   0.329,   0.357,   0.385,   0.412,   0.440,   0.467,   0.494,   0.521],
        [  0.000,   0.000,   0.000,   0.000,   0.239,   0.269,   0.298,   0.325,   0.353,   0.380,   0.407,   0.434,   0.461,   0.488,   0.515],
        [  0.000,   0.000,   0.000,   0.000,   0.236,   0.266,   0.294,   0.322,   0.349,   0.376,   0.403,   0.429,   0.456,   0.483,   0.509],
        [  0.000,   0.000,   0.000,   0.000,   0.233,   0.263,   0.291,   0.318,   0.345,   0.372,   0.398,   0.425,   0.451,   0.477,   0.503],
        [  0.000,   0.000,   0.000,   0.000,   0.230,   0.260,   0.287,   0.314,   0.341,   0.368,   0.394,   0.420,   0.446,   0.472,   0.498],
        [  0.000,   0.000,   0.000,   0.000,   0.228,   0.257,   0.284,   0.311,   0.337,   0.363,   0.389,   0.415,   0.441,   0.467,   0.492],
        [  0.000,   0.000,   0.000,   0.000,   0.225,   0.254,   0.281,   0.308,   0.334,   0.359,   0.385,   0.411,   0.436,   0.462,   0.487],
        [  0.000,   0.000,   0.000,   0.000,   0.223,   0.251,   0.278,   0.304,   0.330,   0.356,   0.381,   0.406,   0.431,   0.457,   0.482],
        [  0.000,   0.000,   0.000,   0.000,   0.220,   0.248,   0.275,   0.301,   0.326,   0.352,   0.377,   0.402,   0.427,   0.452,   0.476],
        [  0.000,   0.000,   0.000,   0.000,   0.218,   0.245,   0.272,   0.298,   0.323,   0.348,   0.373,   0.398,   0.422,   0.447,   0.471],
        [  0.000,   0.000,   0.000,   0.000,   0.215,   0.243,   0.269,   0.294,   0.320,   0.344,   0.369,   0.393,   0.418,   0.442,   0.467],
        [  0.000,   0.000,   0.000,   0.000,   0.213,   0.240,   0.266,   0.291,   0.316,   0.341,   0.365,   0.389,   0.414,   0.438,   0.462],
        [  0.000,   0.000,   0.000,   0.000,   0.210,   0.238,   0.263,   0.288,   0.313,   0.337,   0.361,   0.385,   0.409,   0.433,   0.457],
        [  0.000,   0.000,   0.000,   0.000,   0.208,   0.235,   0.261,   0.285,   0.310,   0.334,   0.358,   0.381,   0.405,   0.429,   0.452],
        [  0.000,   0.000,   0.000,   0.000,   0.206,   0.233,   0.258,   0.282,   0.307,   0.330,   0.354,   0.378,   0.401,   0.424,   0.448],
        [  0.000,   0.000,   0.000,   0.000,   0.186,   0.211,   0.234,   0.256,   0.278,   0.300,   0.322,   0.343,   0.364,   0.386,   0.407],
        [  0.000,   0.000,   0.000,   0.000,   0.169,   0.192,   0.214,   0.235,   0.255,   0.275,   0.295,   0.314,   0.334,   0.353,   0.373],
        [  0.000,   0.000,   0.000,   0.000,   0.155,   0.177,   0.197,   0.216,   0.235,   0.253,   0.272,   0.290,   0.308,   0.326,   0.344],
        [  0.000,   0.000,   0.000,   0.000,   0.143,   0.164,   0.182,   0.200,   0.218,   0.235,   0.252,   0.269,   0.286,   0.303,   0.320],
        [  0.000,   0.000,   0.000,   0.000,   0.132,   0.152,   0.170,   0.187,   0.203,   0.219,   0.235,   0.251,   0.267,   0.282,   0.298],
        [  0.000,   0.000,   0.000,   0.000,   0.000,   0.142,   0.159,   0.175,   0.190,   0.205,   0.220,   0.235,   0.250,   0.265,   0.279],
        [  0.000,   0.000,   0.000,   0.000,   0.000,   0.133,   0.149,   0.164,   0.179,   0.193,   0.207,   0.221,   0.235,   0.249,   0.263],
        [  0.000,   0.000,   0.000,   0.000,   0.000,   0.125,   0.140,   0.155,   0.168,   0.182,   0.196,   0.209,   0.222,   0.235,   0.248],
        [  0.000,   0.000,   0.000,   0.000,   0.000,   0.118,   0.132,   0.146,   0.159,   0.172,   0.185,   0.198,   0.210,   0.223,   0.235],
        [  0.000,   0.000,   0.000,   0.000,   0.000,   0.111,   0.126,   0.139,   0.151,   0.164,   0.176,   0.188,   0.200,   0.211,   0.223],
        [  0.000,   0.000,   0.000,   0.000,   0.000,   0.106,   0.119,   0.132,   0.144,   0.156,   0.167,   0.179,   0.190,   0.201,   0.213],
        [  0.000,   0.000,   0.000,   0.000,   0.000,   0.100,   0.113,   0.126,   0.137,   0.148,   0.159,   0.170,   0.181,   0.192,   0.203],
        [  0.000,   0.000,   0.000,   0.000,   0.000,   0.096,   0.108,   0.120,   0.131,   0.142,   0.152,   0.163,   0.173,   0.184,   0.194],
        [  0.000,   0.000,   0.000,   0.000,   0.000,   0.091,   0.103,   0.115,   0.125,   0.136,   0.146,   0.156,   0.166,   0.176,   0.186],
        [  0.000,   0.000,   0.000,   0.000,   0.000,   0.087,   0.099,   0.110,   0.120,   0.130,   0.140,   0.150,   0.159,   0.169,   0.178],
        [  0.000,   0.000,   0.000,   0.000,   0.000,   0.083,   0.095,   0.105,   0.115,   0.125,   0.134,   0.144,   0.153,   0.162,   0.171],
        [  0.000,   0.000,   0.000,   0.000,   0.000,   0.080,   0.091,   0.101,   0.111,   0.120,   0.129,   0.138,   0.147,   0.156,   0.165],
        [  0.000,   0.000,   0.000,   0.000,   0.000,   0.077,   0.088,   0.097,   0.107,   0.116,   0.125,   0.133,   0.142,   0.151,   0.159],
        [  0.000,   0.000,   0.000,   0.000,   0.000,   0.073,   0.084,   0.094,   0.103,   0.112,   0.120,   0.129,   0.137,   0.145,   0.154],
        [  0.000,   0.000,   0.000,   0.000,   0.000,   0.071,   0.081,   0.091,   0.099,   0.108,   0.116,   0.124,   0.132,   0.140,   0.148],
        [  0.000,   0.000,   0.000,   0.000,   0.000,   0.068,   0.078,   0.087,   0.096,   0.104,   0.112,   0.120,   0.128,   0.136,   0.144],
        [  0.000,   0.000,   0.000,   0.000,   0.000,   0.065,   0.076,   0.085,   0.093,   0.101,   0.109,   0.116,   0.124,   0.132,   0.139],
        [  0.000,   0.000,   0.000,   0.000,   0.000,   0.063,   0.073,   0.082,   0.090,   0.098,   0.105,   0.113,   0.120,   0.128,   0.135],
        [  0.000,   0.000,   0.000,   0.000,   0.000,   0.061,   0.071,   0.079,   0.087,   0.095,   0.102,   0.109,   0.117,   0.124,   0.131],
        [  0.000,   0.000,   0.000,   0.000,   0.000,   0.059,   0.068,   0.077,   0.085,   0.092,   0.099,   0.106,   0.113,   0.120,   0.127],
        [  0.000,   0.000,   0.000,   0.000,   0.000,   0.057,   0.066,   0.075,   0.082,   0.089,   0.096,   0.103,   0.110,   0.117,   0.123],
        [  0.000,   0.000,   0.000,   0.000,   0.000,   0.055,   0.064,   0.072,   0.080,   0.087,   0.094,   0.100,   0.107,   0.114,   0.120],
        [  0.000,   0.000,   0.000,   0.000,   0.000,   0.053,   0.062,   0.070,   0.078,   0.084,   0.091,   0.098,   0.104,   0.111,   0.117],
        [  0.000,   0.000,   0.000,   0.000,   0.000,   0.051,   0.061,   0.068,   0.075,   0.082,   0.089,   0.095,   0.101,   0.108,   0.114],
        [  0.000,   0.000,   0.000,   0.000,   0.000,   0.000,   0.059,   0.066,   0.073,   0.080,   0.086,   0.093,   0.099,   0.105,   0.111],
        [  0.000,   0.000,   0.000,   0.000,   0.000,   0.000,   0.057,   0.065,   0.072,   0.078,   0.084,   0.090,   0.096,   0.102,   0.108],
        [  0.000,   0.000,   0.000,   0.000,   0.000,   0.000,   0.056,   0.063,   0.070,   0.076,   0.082,   0.088,   0.094,   0.100,   0.106],
        [  0.000,   0.000,   0.000,   0.000,   0.000,   0.000,   0.054,   0.061,   0.068,   0.074,   0.080,   0.086,   0.092,   0.098,   0.103],
        [  0.000,   0.000,   0.000,   0.000,   0.000,   0.000,   0.053,   0.060,   0.066,   0.072,   0.078,   0.084,   0.090,   0.095,   0.101],
        [  0.000,   0.000,   0.000,   0.000,   0.000,   0.000,   0.051,   0.058,   0.065,   0.071,   0.077,   0.082,   0.088,   0.093,   0.098],
        [  0.000,   0.000,   0.000,   0.000,   0.000,   0.000,   0.050,   0.057,   0.063,   0.069,   0.075,   0.080,   0.086,   0.091,   0.096],
        [  0.000,   0.000,   0.000,   0.000,   0.000,   0.000,   0.049,   0.056,   0.062,   0.068,   0.073,   0.079,   0.084,   0.089,   0.094],
        [  0.000,   0.000,   0.000,   0.000,   0.000,   0.000,   0.048,   0.054,   0.060,   0.066,   0.072,   0.077,   0.082,   0.087,   0.092],
        [  0.000,   0.000,   0.000,   0.000,   0.000,   0.000,   0.046,   0.053,   0.059,   0.065,   0.070,   0.075,   0.080,   0.085,   0.090],
        [  0.000,   0.000,   0.000,   0.000,   0.000,   0.000,   0.045,   0.052,   0.058,   0.063,   0.069,   0.074,   0.079,   0.084,   0.089],
        [  0.000,   0.000,   0.000,   0.000,   0.000,   0.000,   0.044,   0.051,   0.057,   0.062,   0.067,   0.072,   0.077,   0.082,   0.087],
        [  0.000,   0.000,   0.000,   0.000,   0.000,   0.000,   0.043,   0.050,   0.055,   0.061,   0.066,   0.071,   0.076,   0.080,   0.085],
        [  0.000,   0.000,   0.000,   0.000,   0.000,   0.000,   0.042,   0.049,   0.054,   0.060,   0.065,   0.069,   0.074,   0.079,   0.083],
        [  0.000,   0.000,   0.000,   0.000,   0.000,   0.000,   0.041,   0.048,   0.053,   0.058,   0.063,   0.068,   0.073,   0.077,   0.082],
        [  0.000,   0.000,   0.000,   0.000,   0.000,   0.000,   0.040,   0.047,   0.052,   0.057,   0.062,   0.067,   0.071,   0.076,   0.080],
        [  0.000,   0.000,   0.000,   0.000,   0.000,   0.000,   0.039,   0.046,   0.051,   0.056,   0.061,   0.066,   0.070,   0.075,   0.079],
        [  0.000,   0.000,   0.000,   0.000,   0.000,   0.000,   0.039,   0.045,   0.050,   0.055,   0.060,   0.064,   0.069,   0.073,   0.077],
        [  0.000,   0.000,   0.000,   0.000,   0.000,   0.000,   0.038,   0.044,   0.049,   0.054,   0.059,   0.063,   0.068,   0.072,   0.076],
        [  0.000,   0.000,   0.000,   0.000,   0.000,   0.000,   0.037,   0.043,   0.048,   0.053,   0.058,   0.062,   0.066,   0.071,   0.075],
        [  0.000,   0.000,   0.000,   0.000,   0.000,   0.000,   0.036,   0.042,   0.047,   0.052,   0.057,   0.061,   0.065,   0.069,   0.074],
        [  0.000,   0.000,   0.000,   0.000,   0.000,   0.000,   0.035,   0.041,   0.047,   0.051,   0.056,   0.060,   0.064,   0.068,   0.072],
        [  0.000,   0.000,   0.000,   0.000,   0.000,   0.000,   0.035,   0.041,   0.046,   0.050,   0.055,   0.059,   0.063,   0.067,   0.071],
        [  0.000,   0.000,   0.000,   0.000,   0.000,   0.000,   0.034,   0.040,   0.045,   0.050,   0.054,   0.058,   0.062,   0.066,   0.070],
        [  0.000,   0.000,   0.000,   0.000,   0.000,   0.000,   0.033,   0.039,   0.044,   0.049,   0.053,   0.057,   0.061,   0.065,   0.069],
        [  0.000,   0.000,   0.000,   0.000,   0.000,   0.000,   0.033,   0.038,   0.043,   0.048,   0.052,   0.056,   0.060,   0.064,   0.068],
        [  0.000,   0.000,   0.000,   0.000,   0.000,   0.000,   0.032,   0.038,   0.043,   0.047,   0.051,   0.055,   0.059,   0.063,   0.067],
        [  0.000,   0.000,   0.000,   0.000,   0.000,   0.000,   0.031,   0.037,   0.042,   0.046,   0.050,   0.054,   0.058,   0.062,   0.066],
        [  0.000,   0.000,   0.000,   0.000,   0.000,   0.000,   0.031,   0.037,   0.041,   0.046,   0.050,   0.054,   0.057,   0.061,   0.065],
        [  0.000,   0.000,   0.000,   0.000,   0.000,   0.000,   0.030,   0.036,   0.041,   0.045,   0.049,   0.053,   0.056,   0.060,   0.064],
        [  0.000,   0.000,   0.000,   0.000,   0.000,   0.000,   0.029,   0.035,   0.040,   0.044,   0.048,   0.052,   0.056,   0.059,   0.063],
        [  0.000,   0.000,   0.000,   0.000,   0.000,   0.000,   0.029,   0.035,   0.039,   0.044,   0.047,   0.051,   0.055,   0.058,   0.062],
        [  0.000,   0.000,   0.000,   0.000,   0.000,   0.000,   0.028,   0.034,   0.039,   0.043,   0.047,   0.050,   0.054,   0.058,   0.061],
        [  0.000,   0.000,   0.000,   0.000,   0.000,   0.000,   0.028,   0.034,   0.038,   0.042,   0.046,   0.050,   0.053,   0.057,   0.060],
        [  0.000,   0.000,   0.000,   0.000,   0.000,   0.000,   0.027,   0.033,   0.038,   0.042,   0.045,   0.049,   0.053,   0.056,   0.059],
        [  0.000,   0.000,   0.000,   0.000,   0.000,   0.000,   0.027,   0.032,   0.037,   0.041,   0.045,   0.048,   0.052,   0.055,   0.059],
        [  0.000,   0.000,   0.000,   0.000,   0.000,   0.000,   0.026,   0.032,   0.036,   0.040,   0.044,   0.048,   0.051,   0.054,   0.058],
        [  0.000,   0.000,   0.000,   0.000,   0.000,   0.000,   0.026,   0.031,   0.036,   0.040,   0.044,   0.047,   0.050,   0.054,   0.057],
        [  0.000,   0.000,   0.000,   0.000,   0.000,   0.000,   0.025,   0.031,   0.035,   0.039,   0.043,   0.046,   0.050,   0.053,   0.056],
        [  0.000,   0.000,   0.000,   0.000,   0.000,   0.000,   0.025,   0.030,   0.035,   0.039,   0.042,   0.046,   0.049,   0.052,   0.056],
        [  0.000,   0.000,   0.000,   0.000,   0.000,   0.000,   0.024,   0.030,   0.034,   0.038,   0.042,   0.045,   0.048,   0.052,   0.055],
        [  0.000,   0.000,   0.000,   0.000,   0.000,   0.000,   0.024,   0.030,   0.034,   0.038,   0.041,   0.045,   0.048,   0.051,   0.054],
        [  0.000,   0.000,   0.000,   0.000,   0.000,   0.000,   0.023,   0.029,   0.033,   0.037,   0.041,   0.044,   0.047,   0.050,   0.053],
        [  0.000,   0.000,   0.000,   0.000,   0.000,   0.000,   0.023,   0.029,   0.033,   0.037,   0.040,   0.043,   0.047,   0.050,   0.053],
        [  0.000,   0.000,   0.000,   0.000,   0.000,   0.000,   0.022,   0.028,   0.032,   0.036,   0.040,   0.043,   0.046,   0.049,   0.052],
        [  0.000,   0.000,   0.000,   0.000,   0.000,   0.000,   0.022,   0.028,   0.032,   0.036,   0.039,   0.042,   0.045,   0.049,   0.052],
        [  0.000,   0.000,   0.000,   0.000,   0.000,   0.000,   0.000,   0.027,   0.032,   0.035,   0.039,   0.042,   0.045,   0.048,   0.051],
        [  0.000,   0.000,   0.000,   0.000,   0.000,   0.000,   0.000,   0.027,   0.031,   0.035,   0.038,   0.041,   0.044,   0.047,   0.050],
        [  0.000,   0.000,   0.000,   0.000,   0.000,   0.000,   0.000,   0.027,   0.031,   0.034,   0.038,   0.041,   0.044,   0.047,   0.050],
        [  0.000,   0.000,   0.000,   0.000,   0.000,   0.000,   0.000,   0.026,   0.030,   0.034,   0.037,   0.040,   0.043,   0.046,   0.049],
        [  0.000,   0.000,   0.000,   0.000,   0.000,   0.000,   0.000,   0.026,   0.030,   0.034,   0.037,   0.040,   0.043,   0.046,   0.049],
        [  0.000,   0.000,   0.000,   0.000,   0.000,   0.000,   0.000,   0.025,   0.030,   0.033,   0.036,   0.039,   0.042,   0.045,   0.048],
        [  0.000,   0.000,   0.000,   0.000,   0.000,   0.000,   0.000,   0.025,   0.029,   0.033,   0.036,   0.039,   0.042,   0.045,   0.048],
        [  0.000,   0.000,   0.000,   0.000,   0.000,   0.000,   0.000,   0.025,   0.029,   0.032,   0.036,   0.039,   0.041,   0.044,   0.047],
        [  0.000,   0.000,   0.000,   0.000,   0.000,   0.000,   0.000,   0.024,   0.028,   0.032,   0.035,   0.038,   0.041,   0.044,   0.046],
        [  0.000,   0.000,   0.000,   0.000,   0.000,   0.000,   0.000,   0.024,   0.028,   0.032,   0.035,   0.038,   0.041,   0.043,   0.046],
        [  0.000,   0.000,   0.000,   0.000,   0.000,   0.000,   0.000,   0.024,   0.028,   0.031,   0.034,   0.037,   0.040,   0.043,   0.045],
        [  0.000,   0.000,   0.000,   0.000,   0.000,   0.000,   0.000,   0.023,   0.027,   0.031,   0.034,   0.037,   0.040,   0.042,   0.045],
        [  0.000,   0.000,   0.000,   0.000,   0.000,   0.000,   0.000,   0.023,   0.027,   0.030,   0.034,   0.036,   0.039,   0.042,   0.045],
        [  0.000,   0.000,   0.000,   0.000,   0.000,   0.000,   0.000,   0.023,   0.027,   0.030,   0.033,   0.036,   0.039,   0.041,   0.044],
        [  0.000,   0.000,   0.000,   0.000,   0.000,   0.000,   0.000,   0.022,   0.026,   0.030,   0.033,   0.036,   0.038,   0.041,   0.044],
        [  0.000,   0.000,   0.000,   0.000,   0.000,   0.000,   0.000,   0.020,   0.024,   0.027,   0.030,   0.032,   0.035,   0.037,   0.040],
        [  0.000,   0.000,   0.000,   0.000,   0.000,   0.000,   0.000,   0.017,   0.021,   0.024,   0.027,   0.029,   0.032,   0.034,   0.036],
        [  0.000,   0.000,   0.000,   0.000,   0.000,   0.000,   0.000,   0.015,   0.019,   0.022,   0.025,   0.027,   0.029,   0.031,   0.033],
        [  0.000,   0.000,   0.000,   0.000,   0.000,   0.000,   0.000,   0.013,   0.017,   0.020,   0.023,   0.025,   0.027,   0.029,   0.031],
        [  0.000,   0.000,   0.000,   0.000,   0.000,   0.000,   0.000,   0.011,   0.016,   0.018,   0.021,   0.023,   0.025,   0.027,   0.029],
        [  0.000,   0.000,   0.000,   0.000,   0.000,   0.000,   0.000,   0.010,   0.014,   0.017,   0.019,   0.021,   0.023,   0.025,   0.027],
        [  0.000,   0.000,   0.000,   0.000,   0.000,   0.000,   0.000,   0.000,   0.013,   0.016,   0.018,   0.020,   0.022,   0.023,   0.025],
        [  0.000,   0.000,   0.000,   0.000,   0.000,   0.000,   0.000,   0.000,   0.012,   0.015,   0.017,   0.019,   0.020,   0.022,   0.024],
        [  0.000,   0.000,   0.000,   0.000,   0.000,   0.000,   0.000,   0.000,   0.011,   0.014,   0.016,   0.018,   0.019,   0.021,   0.022],
        [  0.000,   0.000,   0.000,   0.000,   0.000,   0.000,   0.000,   0.000,   0.010,   0.013,   0.015,   0.017,   0.018,   0.020,   0.021],
        [  0.000,   0.000,   0.000,   0.000,   0.000,   0.000,   0.000,   0.000,   0.009,   0.012,   0.014,   0.016,   0.017,   0.019,   0.020],
        [  0.000,   0.000,   0.000,   0.000,   0.000,   0.000,   0.000,   0.000,   0.008,   0.011,   0.013,   0.015,   0.016,   0.018,   0.019],
        [  0.000,   0.000,   0.000,   0.000,   0.000,   0.000,   0.000,   0.000,   0.007,   0.010,   0.012,   0.014,   0.016,   0.017,   0.018],
        [  0.000,   0.000,   0.000,   0.000,   0.000,   0.000,   0.000,   0.000,   0.007,   0.010,   0.012,   0.013,   0.015,   0.016,   0.017],
        [  0.000,   0.000,   0.000,   0.000,   0.000,   0.000,   0.000,   0.000,   0.006,   0.009,   0.011,   0.013,   0.014,   0.015,   0.017],
        [  0.000,   0.000,   0.000,   0.000,   0.000,   0.000,   0.000,   0.000,   0.005,   0.009,   0.011,   0.012,   0.014,   0.015,   0.016],
        [  0.000,   0.000,   0.000,   0.000,   0.000,   0.000,   0.000,   0.000,   0.005,   0.008,   0.010,   0.012,   0.013,   0.014,   0.015],
        [  0.000,   0.000,   0.000,   0.000,   0.000,   0.000,   0.000,   0.000,   0.004,   0.008,   0.010,   0.011,   0.012,   0.014,   0.015],
        [  0.000,   0.000,   0.000,   0.000,   0.000,   0.000,   0.000,   0.000,   0.003,   0.007,   0.009,   0.011,   0.012,   0.013,   0.014],
        [  0.000,   0.000,   0.000,   0.000,   0.000,   0.000,   0.000,   0.000,   0.003,   0.007,   0.009,   0.010,   0.011,   0.013,   0.014],
        [  0.000,   0.000,   0.000,   0.000,   0.000,   0.000,   0.000,   0.000,   0.003,   0.006,   0.008,   0.010,   0.011,   0.012,   0.013],
        [  0.000,   0.000,   0.000,   0.000,   0.000,   0.000,   0.000,   0.000,   0.002,   0.006,   0.008,   0.009,   0.011,   0.012,   0.013],
        [  0.000,   0.000,   0.000,   0.000,   0.000,   0.000,   0.000,   0.000,   0.002,   0.006,   0.008,   0.009,   0.010,   0.011,   0.012],
        [  0.000,   0.000,   0.000,   0.000,   0.000,   0.000,   0.000,   0.000,   0.002,   0.005,   0.007,   0.009,   0.010,   0.011,   0.012],
        [  0.000,   0.000,   0.000,   0.000,   0.000,   0.000,   0.000,   0.000,   0.002,   0.005,   0.007,   0.008,   0.010,   0.011,   0.012],
        [  0.000,   0.000,   0.000,   0.000,   0.000,   0.000,   0.000,   0.000,   0.002,   0.005,   0.007,   0.008,   0.009,   0.010,   0.011],
        [  0.000,   0.000,   0.000,   0.000,   0.000,   0.000,   0.000,   0.000,   0.002,   0.004,   0.006,   0.008,   0.009,   0.010,   0.011],
        [  0.000,   0.000,   0.000,   0.000,   0.000,   0.000,   0.000,   0.000,   0.002,   0.004,   0.006,   0.007,   0.009,   0.010,   0.011],
        [  0.000,   0.000,   0.000,   0.000,   0.000,   0.000,   0.000,   0.000,   0.002,   0.004,   0.006,   0.007,   0.008,   0.009,   0.010],
        [  0.000,   0.000,   0.000,   0.000,   0.000,   0.000,   0.000,   0.000,   0.002,   0.004,   0.006,   0.007,   0.008,   0.009,   0.010],
        [  0.000,   0.000,   0.000,   0.000,   0.000,   0.000,   0.000,   0.000,   0.002,   0.003,   0.005,   0.007,   0.008,   0.009,   0.010],
        [  0.000,   0.000,   0.000,   0.000,   0.000,   0.000,   0.000,   0.000,   0.002,   0.003,   0.005,   0.007,   0.008,   0.009,   0.009],
        [  0.000,   0.000,   0.000,   0.000,   0.000,   0.000,   0.000,   0.000,   0.002,   0.003,   0.005,   0.006,   0.007,   0.008,   0.009],
        [  0.000,   0.000,   0.000,   0.000,   0.000,   0.000,   0.000,   0.000,   0.002,   0.003,   0.005,   0.006,   0.007,   0.008,   0.009],
        [  0.000,   0.000,   0.000,   0.000,   0.000,   0.000,   0.000,   0.000,   0.002,   0.003,   0.005,   0.006,   0.007,   0.008,   0.009],
        [  0.000,   0.000,   0.000,   0.000,   0.000,   0.000,   0.000,   0.000,   0.002,   0.003,   0.004,   0.006,   0.007,   0.008,   0.008],
        [  0.000,   0.000,   0.000,   0.000,   0.000,   0.000,   0.000,   0.000,   0.002,   0.003,   0.004,   0.006,   0.007,   0.007,   0.008],
        [  0.000,   0.000,   0.000,   0.000,   0.000,   0.000,   0.000,   0.000,   0.002,   0.003,   0.004,   0.005,   0.006,   0.007,   0.008],
        [  0.000,   0.000,   0.000,   0.000,   0.000,   0.000,   0.000,   0.000,   0.002,   0.003,   0.004,   0.005,   0.006,   0.007,   0.008],
        [  0.000,   0.000,   0.000,   0.000,   0.000,   0.000,   0.000,   0.000,   0.002,   0.002,   0.004,   0.005,   0.006,   0.007,   0.008],
        [  0.000,   0.000,   0.000,   0.000,   0.000,   0.000,   0.000,   0.000,   0.002,   0.002,   0.004,   0.005,   0.006,   0.007,   0.008],
        [  0.000,   0.000,   0.000,   0.000,   0.000,   0.000,   0.000,   0.000,   0.002,   0.002,   0.004,   0.005,   0.006,   0.007,   0.007],
        [  0.000,   0.000,   0.000,   0.000,   0.000,   0.000,   0.000,   0.000,   0.002,   0.002,   0.004,   0.005,   0.006,   0.006,   0.007],
        [  0.000,   0.000,   0.000,   0.000,   0.000,   0.000,   0.000,   0.000,   0.002,   0.002,   0.003,   0.005,   0.006,   0.006,   0.007],
        [  0.000,   0.000,   0.000,   0.000,   0.000,   0.000,   0.000,   0.000,   0.002,   0.002,   0.003,   0.004,   0.005,   0.006,   0.007],
        [  0.000,   0.000,   0.000,   0.000,   0.000,   0.000,   0.000,   0.000,   0.002,   0.002,   0.003,   0.004,   0.005,   0.006,   0.007],
        [  0.000,   0.000,   0.000,   0.000,   0.000,   0.000,   0.000,   0.000,   0.002,   0.002,   0.003,   0.004,   0.005,   0.006,   0.007],
        [  0.000,   0.000,   0.000,   0.000,   0.000,   0.000,   0.000,   0.000,   0.002,   0.002,   0.003,   0.004,   0.005,   0.006,   0.007],
        [  0.000,   0.000,   0.000,   0.000,   0.000,   0.000,   0.000,   0.000,   0.002,   0.002,   0.003,   0.004,   0.005,   0.006,   0.006],
        [  0.000,   0.000,   0.000,   0.000,   0.000,   0.000,   0.000,   0.000,   0.002,   0.002,   0.003,   0.004,   0.005,   0.006,   0.006],
        [  0.000,   0.000,   0.000,   0.000,   0.000,   0.000,   0.000,   0.000,   0.002,   0.002,   0.003,   0.004,   0.005,   0.005,   0.006],
        [  0.000,   0.000,   0.000,   0.000,   0.000,   0.000,   0.000,   0.000,   0.002,   0.002,   0.003,   0.004,   0.005,   0.005,   0.006],
        [  0.000,   0.000,   0.000,   0.000,   0.000,   0.000,   0.000,   0.000,   0.002,   0.002,   0.003,   0.004,   0.005,   0.005,   0.006],
        [  0.000,   0.000,   0.000,   0.000,   0.000,   0.000,   0.000,   0.000,   0.002,   0.002,   0.003,   0.004,   0.004,   0.005,   0.006],
        [  0.000,   0.000,   0.000,   0.000,   0.000,   0.000,   0.000,   0.000,   0.002,   0.002,   0.003,   0.004,   0.004,   0.005,   0.006],
        [  0.000,   0.000,   0.000,   0.000,   0.000,   0.000,   0.000,   0.000,   0.002,   0.002,   0.003,   0.003,   0.004,   0.005,   0.006],
        [  0.000,   0.000,   0.000,   0.000,   0.000,   0.000,   0.000,   0.000,   0.002,   0.002,   0.003,   0.003,   0.004,   0.005,   0.006],
        [  0.000,   0.000,   0.000,   0.000,   0.000,   0.000,   0.000,   0.000,   0.002,   0.002,   0.003,   0.003,   0.004,   0.005,   0.005],
        [  0.000,   0.000,   0.000,   0.000,   0.000,   0.000,   0.000,   0.000,   0.002,   0.002,   0.002,   0.003,   0.004,   0.005,   0.005],
        [  0.000,   0.000,   0.000,   0.000,   0.000,   0.000,   0.000,   0.000,   0.002,   0.002,   0.002,   0.003,   0.004,   0.005,   0.005],
        [  0.000,   0.000,   0.000,   0.000,   0.000,   0.000,   0.000,   0.000,   0.002,   0.002,   0.002,   0.003,   0.004,   0.005,   0.005],
        [  0.000,   0.000,   0.000,   0.000,   0.000,   0.000,   0.000,   0.000,   0.002,   0.002,   0.002,   0.003,   0.004,   0.004,   0.005],
        [  0.000,   0.000,   0.000,   0.000,   0.000,   0.000,   0.000,   0.000,   0.002,   0.002,   0.002,   0.003,   0.004,   0.004,   0.005],
        [  0.000,   0.000,   0.000,   0.000,   0.000,   0.000,   0.000,   0.000,   0.002,   0.002,   0.002,   0.003,   0.004,   0.004,   0.005],
        [  0.000,   0.000,   0.000,   0.000,   0.000,   0.000,   0.000,   0.000,   0.002,   0.002,   0.002,   0.003,   0.004,   0.004,   0.005],
        [  0.000,   0.000,   0.000,   0.000,   0.000,   0.000,   0.000,   0.000,   0.002,   0.002,   0.002,   0.003,   0.004,   0.004,   0.005],
        [  0.000,   0.000,   0.000,   0.000,   0.000,   0.000,   0.000,   0.000,   0.002,   0.002,   0.002,   0.003,   0.004,   0.004,   0.005],
        [  0.000,   0.000,   0.000,   0.000,   0.000,   0.000,   0.000,   0.000,   0.002,   0.002,   0.002,   0.003,   0.003,   0.004,   0.005],
        [  0.000,   0.000,   0.000,   0.000,   0.000,   0.000,   0.000,   0.000,   0.002,   0.002,   0.002,   0.003,   0.003,   0.004,   0.005],
        [  0.000,   0.000,   0.000,   0.000,   0.000,   0.000,   0.000,   0.000,   0.002,   0.002,   0.002,   0.003,   0.003,   0.004,   0.005],
        [  0.000,   0.000,   0.000,   0.000,   0.000,   0.000,   0.000,   0.000,   0.002,   0.002,   0.002,   0.003,   0.003,   0.004,   0.004],
        [  0.000,   0.000,   0.000,   0.000,   0.000,   0.000,   0.000,   0.000,   0.002,   0.002,   0.002,   0.003,   0.003,   0.004,   0.004],
        [  0.000,   0.000,   0.000,   0.000,   0.000,   0.000,   0.000,   0.000,   0.002,   0.002,   0.002,   0.003,   0.003,   0.004,   0.004],
        [  0.000,   0.000,   0.000,   0.000,   0.000,   0.000,   0.000,   0.000,   0.001,   0.002,   0.002,   0.003,   0.003,   0.004,   0.004],
        [  0.000,   0.000,   0.000,   0.000,   0.000,   0.000,   0.000,   0.000,   0.001,   0.002,   0.002,   0.003,   0.003,   0.004,   0.004],
        [  0.000,   0.000,   0.000,   0.000,   0.000,   0.000,   0.000,   0.000,   0.001,   0.002,   0.002,   0.003,   0.003,   0.004,   0.004],
        [  0.000,   0.000,   0.000,   0.000,   0.000,   0.000,   0.000,   0.000,   0.001,   0.002,   0.002,   0.003,   0.003,   0.004,   0.004],
        [  0.000,   0.000,   0.000,   0.000,   0.000,   0.000,   0.000,   0.000,   0.001,   0.002,   0.002,   0.003,   0.003,   0.004,   0.004],
        [  0.000,   0.000,   0.000,   0.000,   0.000,   0.000,   0.000,   0.000,   0.001,   0.002,   0.002,   0.002,   0.003,   0.004,   0.004],
        [  0.000,   0.000,   0.000,   0.000,   0.000,   0.000,   0.000,   0.000,   0.001,   0.002,   0.002,   0.002,   0.003,   0.003,   0.004],
        [  0.000,   0.000,   0.000,   0.000,   0.000,   0.000,   0.000,   0.000,   0.001,   0.002,   0.002,   0.002,   0.003,   0.003,   0.004],
        [  0.000,   0.000,   0.000,   0.000,   0.000,   0.000,   0.000,   0.000,   0.001,   0.002,   0.002,   0.002,   0.003,   0.003,   0.004],
        [  0.000,   0.000,   0.000,   0.000,   0.000,   0.000,   0.000,   0.000,   0.001,   0.002,   0.002,   0.002,   0.003,   0.003,   0.004],
        [  0.000,   0.000,   0.000,   0.000,   0.000,   0.000,   0.000,   0.000,   0.001,   0.002,   0.002,   0.002,   0.003,   0.003,   0.004],
        [  0.000,   0.000,   0.000,   0.000,   0.000,   0.000,   0.000,   0.000,   0.001,   0.002,   0.002,   0.002,   0.003,   0.003,   0.004],
        [  0.000,   0.000,   0.000,   0.000,   0.000,   0.000,   0.000,   0.000,   0.001,   0.002,   0.002,   0.002,   0.003,   0.003,   0.004],
        [  0.000,   0.000,   0.000,   0.000,   0.000,   0.000,   0.000,   0.000,   0.001,   0.002,   0.002,   0.002,   0.003,   0.003,   0.004],
        [  0.000,   0.000,   0.000,   0.000,   0.000,   0.000,   0.000,   0.000,   0.001,   0.002,   0.002,   0.002,   0.003,   0.003,   0.004],
        [  0.000,   0.000,   0.000,   0.000,   0.000,   0.000,   0.000,   0.000,   0.001,   0.002,   0.002,   0.002,   0.003,   0.003,   0.004],
        [  0.000,   0.000,   0.000,   0.000,   0.000,   0.000,   0.000,   0.000,   0.001,   0.002,   0.002,   0.002,   0.003,   0.003,   0.004],
    ]
